TDRS 3                  
1 19548U 88091B   26271.24811166 -.00000292  00000+0  00000+0 0  9992
2 19548  12.5263 340.3089 0038613 350.9014  76.3161  1.00268997126429
FLTSATCOM 8 (USA 46)    
1 20253U 89077A   26272.83266296 -.00000363  00000+0  00000+0 0  9995
2 20253  12.3946 350.5214 0003256 236.2430 207.1907  1.00265436261614
TDRS 5                  
1 21639U 91054B   26271.50517708  .00000091  00000+0  00000+0 0  9999
2 21639  14.0596 352.9995 0009534 248.9343 139.6580  1.00267824128759
TDRS 6                  
1 22314U 93003B   26271.07337766 -.00000288  00000+0  00000+0 0  9991
2 22314  14.1863 356.2832 0009714 204.8210 146.3774  1.00270199123438
UFO 2 (USA 95)          
1 22787U 93056A   26267.94087751  .00000132  00000+0  00000+0 0  9997
2 22787  11.9316   2.9890 0002719 248.2736 119.9037  1.00275378119552
UFO 4 (USA 108)         
1 23467U 95003A   26272.63774436 -.00000017  00000+0  00000+0 0  9995
2 23467   9.7111  12.7321 0002941 175.2898 222.2571  1.00271734116009
TDRS 7                  
1 23613U 95035B   26271.65269530 -.00000233  00000+0  00000+0 0  9998
2 23613  13.2952 347.4691 0010488  98.3454 245.7884  1.00269741114281
USA 115 (MILSTAR-1 2)   
1 23712U 95060A   26271.18103976 -.00000196  00000+0  00000+0 0  9993
2 23712  14.1099   2.9650 0006164 167.3394 171.9048  1.00272650 33912
INMARSAT 3-F1           
1 23839U 96020A   26272.75032808 -.00000182  00000+0  00000+0 0  9994
2 23839  10.8162  45.6399 0007339 162.3561 229.2488  1.00003867111303
INMARSAT 3-F2           
1 24307U 96053A   26272.05279387  .00000146  00000+0  00000+0 0  9998
2 24307  10.0881  52.8530 0005599 134.0099 241.9202  0.99983698109969
INMARSAT 3-F3           
1 24674U 96070A   26271.31771294 -.00000267  00000+0  00000+0 0  9991
2 24674  10.5380  48.6323 0006406 163.2473 209.0319  0.99987503108946
USA 134                 
1 25019U 97065A   26272.19914971 -.00000056  00000+0  00000+0 0  9994
2 25019  12.9074  20.9193 0003643 259.3174  47.0703  1.00268864 33993
INMARSAT 3-F5           
1 25153U 98006B   26271.96763595 -.00000283  00000+0  00000+0 0  9999
2 25153   9.9201  52.1910 0004815 143.4882 106.4199  1.00268534104931
ABS-6                   
1 25924U 99053A   26272.85321909 -.00000116  00000+0  00000+0 0  9991
2 25924   0.0307 109.7838 0001196  87.1904 277.8264  1.00271815 98891
UFO 10 (USA 146)        
1 25967U 99063A   26270.11553697 -.00000179  00000+0  00000+0 0  9996
2 25967   9.9372  26.6569 0004392 200.0766 157.9258  1.00274274 98364
ASIASTAR                
1 26107U 00016A   26270.35463973 -.00000324  00000+0  00000+0 0  9998
2 26107   9.3629  57.0276 0004237 139.6440  42.1455  1.00268612 96942
USA 149 (DSP 20)        
1 26356U 00024A   26272.76650111  .00000055  00000+0  00000+0 0  9992
2 26356  13.2782  11.1749 0002482 280.3871  61.1156  0.99004815 33962
TDRS 8                  
1 26388U 00034A   26272.80180013 -.00000188  00000+0  00000+0 0  9990
2 26388  12.8472  30.4153 0000899 151.8504 199.6113  1.00268098 96222
NSS-11                  
1 26554U 00059A   26272.63418963  .00000029  00000+0  00000+0 0  9994
2 26554   2.3887  80.0124 0003120 119.3584 213.3583  1.00271250 42339
USA 153                 
1 26575U 00065A   26272.64951589 -.00000321  00000+0  00000+0 0  9997
2 26575  11.8033  34.5280 0001647 158.6177 183.3035  1.00264995 33979
AMC-6                   
1 26580U 00067A   26271.63346802  .00000093  00000+0  00000+0 0  9994
2 26580   0.4100  83.3742 0004727 119.5485 257.5177  1.00272232 94936
USA 157 (MILSTAR-2 2)   
1 26715U 01009A   26272.53660124  .00000115  00000+0  00000+0 0  9992
2 26715  11.6581  19.0904 0043302 181.1107 211.2239  1.00271530 33992
INTELSAT 902 (IS-902)   
1 26900U 01039A   26270.95522141 -.00000275  00000+0  00000+0 0  9999
2 26900   6.3707  70.4815 0003908 117.7629 112.2777  1.00271037 91727
USA 164 (MILSTAR-2 3)   
1 27168U 02001A   26271.60871985  .00000105  00000+0  00000+0 0  9993
2 27168  11.3039  21.2524 0097747  10.2149 214.0075  1.00274217 33997
INTELSAT 904 (IS-904)   
1 27380U 02007A   26271.25420762 -.00000217  00000+0  00000+0 0  9994
2 27380   7.1706  67.9005 0003424 130.3763 228.7871  1.00269327 52794
DIRECTV 5 (TEMPO 1)     
1 27426U 02023A   26272.64383655 -.00000052  00000+0  00000+0 0  9993
2 27426   5.1376  73.9487 0003347 120.6437 295.5229  1.00271757 89172
INTELSAT 905 (IS-905)   
1 27438U 02027A   26272.63485862  .00000099  00000+0  00000+0 0  9992
2 27438   7.0092  68.4922 0003836 153.7446 237.5324  1.00272514 52415
GALAXY 3C (G-3C)        
1 27445U 02030A   26272.59891771 -.00000148  00000+0  00000+0 0  9995
2 27445   4.0052  76.6605 0001270  60.2230 352.2720  1.00271618 47545
INTELSAT 906 (IS-906)   
1 27513U 02041A   26272.57873904  .00000018  00000+0  00000+0 0  9994
2 27513   6.0618  71.5879 0003415 137.6443  71.6191  1.00273003 88073
NIMIQ 2                 
1 27632U 02062A   26272.55285858 -.00000063  00000+0  00000+0 0  9993
2 27632   9.6827  55.7583 0005979 132.1285 270.2933  1.00272194 45235
USA 167                 
1 27691U 03008A   26271.55975947  .00000013  00000+0  00000+0 0  9997
2 27691  11.1628  42.4493 0003234 274.1300 130.2369  1.00272493  7819
USA 169 (MILSTAR-2 4)   
1 27711U 03012A   26272.64319859 -.00000192  00000+0  00000+0 0  9999
2 27711  12.4926  28.1126 0095792  12.1913 351.7884  1.00268443 34004
ASIASAT 4               
1 27718U 03014A   26272.84841110 -.00000217  00000+0  00000+0 0  9998
2 27718   4.9656  74.3759 0002739 120.7261 266.4924  1.00270262 46353
HELLAS-SAT 2            
1 27811U 03020A   26265.27116624 -.00000082  00000+0  00000+0 0  9993
2 27811   7.5890  66.6827 0008150 143.8631 238.2748  1.00272801 43827
THURAYA-2               
1 27825U 03026A   26271.91069424  .00000131  00000+0  00000+0 0  9991
2 27825   8.9993  31.4544 0000113 132.0578 216.0470  1.00273760 85386
OPTUS C1                
1 27831U 03028B   26272.64157918 -.00000145  00000+0  00000+0 0  9993
2 27831   7.1445  68.0965 0005681 122.6945 204.3542  1.00270720 54106
USA 170                 
1 27875U 03040A   26271.97045778  .00000133  00000+0  00000+0 0  9996
2 27875  10.7160  46.9317 0002203 175.6380 158.6833  1.00274899 34037
GALAXY 13 (HORIZONS-1)  
1 27954U 03044A   26272.62805240  .00000137  00000+0  00000+0 0  9993
2 27954   1.6828  82.3612 0002157 125.8574 236.2941  1.00269542 47628
YAMAL 202               
1 28089U 03053A   26272.85280439 -.00000075  00000+0  00000+0 0  9997
2 28089   6.5998  69.6228 0004745 127.6541 281.9371  1.00272550 83751
UFO 11 (USA 174)        
1 28117U 03057A   26272.85856404 -.00000098  00000+0  00000+0 0  9999
2 28117   9.0511  33.2631 0003905 167.0299 192.7987  1.00271405 83493
USA 176 (DSP 22)        
1 28158U 04004A   26272.19800652  .00000056  00000+0  00000+0 0  9991
2 28158  12.1992  25.2777 0004058 279.4438   9.6340  0.98998546 33976
ABS-4 (MOBISAT-1)       
1 28184U 04007A   26272.77683806  .00000044  00000+0  00000+0 0  9994
2 28184   6.3000  70.6866 0005182 121.4660 157.0574  1.00271054 53381
INTELSAT 10-02          
1 28358U 04022A   26272.18377992 -.00000006  00000+0  00000+0 0  9994
2 28358   0.0212 246.1526 0000407  17.4120 169.5706  1.00272014 81599
ANIK F2                 
1 28378U 04027A   26272.64345012 -.00000045  00000+0  00000+0 0  9993
2 28378   3.5490  78.0581 0003126 100.2564 310.6608  1.00271687 42316
AMC-15                  
1 28446U 04041A   26272.64606198 -.00000085  00000+0  00000+0 0  9994
2 28446   0.0375  33.2655 0001995 165.7823 296.9140  1.00271307 80359
NSS-10                  
1 28526U 05003A   26272.74990169 -.00000246  00000+0  00000+0 0  9996
2 28526   6.7057  69.1393 0003346 127.4915  44.4230  1.00270641 54205
INMARSAT 4-F1           
1 28628U 05009A   26271.15315387  .00000040  00000+0  00000+0 0  9993
2 28628   5.3117  42.8111 0003048 157.3550  40.0418  1.00271319 78706
DIRECTV 8               
1 28659U 05019A   26272.64052034  .00000005  00000+0  00000+0 0  9991
2 28659   0.0171 162.8660 0003196  39.2212 277.8849  1.00271990 78120
GALAXY 28 (G-28)        
1 28702U 05022A   26271.89665418 -.00000193  00000+0  00000+0 0  9995
2 28702   3.5595  77.5777 0001850 121.1249 104.6986  1.00271888 53010
THAICOM 4               
1 28786U 05028A   26272.04003060 -.00000357  00000+0  00000+0 0  9992
2 28786   0.5063  84.2467 0000315 134.6725 282.8107  1.00272339 53299
ANIK F1R                
1 28868U 05036A   26272.64522161 -.00000070  00000+0  00000+0 0  9998
2 28868   4.5733  75.2153 0002364  81.1244 337.0759  1.00271842 47509
SYRACUSE 3A             
1 28885U 05041B   26254.51939881  .00000114  00000+0  00000+0 0  9998
2 28885   4.8548  74.7263 0002457 106.5771  42.9291  1.00275934 76614
INMARSAT 4-F2           
1 28899U 05044A   26271.44401870 -.00000253  00000+0  00000+0 0  9994
2 28899   5.2289  43.7153 0002804 154.2117 112.6641  1.00271242 76555
METEOSAT-9 (MSG-2)      
1 28912U 05049B   26272.55252484  .00000130  00000+0  00000+0 0  9996
2 28912   9.5935  53.1039 0001316   9.4546 190.3969  1.00269002  8044
EUTELSAT 174A           
1 28924U 05052A   26272.63472748  .00000014  00000+0  00000+0 0  9990
2 28924   4.4764  75.1682 0006216 114.4108 221.3376  1.00270446 53371
ECHOSTAR 10             
1 28935U 06003A   26272.64398707 -.00000052  00000+0  00000+0 0  9995
2 28935   0.0399  22.3393 0001832 134.1030 333.6150  1.00271127 75518
SPAINSAT                
1 28945U 06007A   26272.06208633 -.00000212  00000+0  00000+0 0  9992
2 28945   0.8241  84.6169 0005092 111.3419 164.0552  1.00272650 75250
JCSAT-5A                
1 29045U 06010A   26272.56063159 -.00000323  00000+0  00000+0 0  9998
2 29045   1.3703  82.7781 0001479  63.1281 196.3377  1.00270679 74819
ASTRA 1KR               
1 29055U 06012A   26272.61850633  .00000123  00000+0  00000+0 0  9995
2 29055   0.7361  82.4655 0003722 114.3772  53.2412  1.00274349 46747
GALAXY 16 (G-16)        
1 29236U 06023A   26272.60015465 -.00000123  00000+0  00000+0 0  9994
2 29236   0.0145 202.8193 0002927 356.0774 286.5472  1.00269795 74027
EUTELSAT 33F            
1 29270U 06032A   26272.62136634  .00000160  00000+0  00000+0 0  9996
2 29270   1.9237  80.9007 0003489 113.0708  71.2570  1.00275150 48355
JCSAT-3A                
1 29272U 06033A   26272.68153309 -.00000341  00000+0  00000+0 0  9995
2 29272   0.0340 272.2149 0002378 282.8747 186.7312  1.00271491 48786
KOREASAT 5 (MUGUNGWHA 5)
1 29349U 06034A   26272.87074568 -.00000354  00000+0  00000+0 0  9995
2 29349   2.0467  81.4927 0002246 161.5825 192.1110  1.00270228 42363
DIRECTV 9S              
1 29494U 06043A   26272.85066904 -.00000283  00000+0  00000+0 0  9990
2 29494   2.6850  79.5127 0007832 193.1839 191.0168  0.99097704 52431
OPTUS D1                
1 29495U 06043B   26272.85053109 -.00000179  00000+0  00000+0 0  9998
2 29495   3.2967  78.2660 0003758 112.1816 276.3426  1.00270066 73170
BADR-4                  
1 29526U 06051A   26272.76411507  .00000160  00000+0  00000+0 0  9991
2 29526   2.2671  79.8179 0004982 110.9926 127.3049  1.00271262 52314
WILDBLUE-1              
1 29643U 06054A   26272.75354170 -.00000229  00000+0  00000+0 0  9992
2 29643   3.0665  79.0907 0004959 107.8276  73.6770  0.99178785 54830
SKYNET 5A               
1 30794U 07007B   26272.64730316 -.00000266  00000+0  00000+0 0  9999
2 30794   5.5606  72.4148 0003447 125.1172 139.1415  1.00272537 71740
ANIK F3                 
1 31102U 07009A   26272.64060163  .00000003  00000+0  00000+0 0  9999
2 31102   1.4601  82.3973 0002808 111.6445 286.3068  1.00272367 47612
ASTRA 1L                
1 31306U 07016A   26272.68116661 -.00000180  00000+0  00000+0 0  9999
2 31306   1.5838  80.4785 0005040 112.2765  36.4137  1.00269787 46032
GALAXY 17 (G-17)        
1 31307U 07016B   26270.88729541 -.00000199  00000+0  00000+0 0  9997
2 31307   3.2236  78.5202 0004045 140.1041  22.5129  1.00271178 70836
INTELSAT 11 (IS-11)     
1 32253U 07044B   26272.76238175 -.00000024  00000+0  00000+0 0  9993
2 32253   3.8301  77.3096 0008295 137.4707  93.8363  0.99049433 69487
WGS F1 (USA 195)        
1 32258U 07046A   26271.89353417 -.00000262  00000+0  00000+0 0  9994
2 32258   0.0332 102.0253 0000872 132.9889  51.8247  1.00272486 53375
SKYNET 5B               
1 32294U 07056B   26272.19198992  .00000146  00000+0  00000+0 0  9994
2 32294   5.5095  72.2044 0003671 116.8370 273.1291  1.00270556 69240
ASTRA 4A                
1 32299U 07057A   26272.75830838  .00000036  00000+0  00000+0 0  9992
2 32299   0.0374  53.7195 0002732 150.2540  82.3790  1.00273111 52699
HORIZONS-2              
1 32388U 07063B   26272.52886472 -.00000249  00000+0  00000+0 0  9995
2 32388   2.8634  79.2390 0001942 131.3968 274.3004  1.00271546 68860
THURAYA-3               
1 32404U 08001A   26272.85484666  .00000013  00000+0  00000+0 0  9990
2 32404   6.1657  35.8221 0003129 189.5399 154.7406  1.00272558 68539
THOR 5                  
1 32487U 08006A   26268.90820505 -.00000006  00000+0  00000+0 0  9996
2 32487   0.0330 241.3828 0002427 308.3913 141.1693  1.00272174 68320
AMC-14                  
1 32708U 08011A   26272.70994006 -.00000350  00000+0  00000+0 0  9991
2 32708  24.1297  19.2563 0035001   0.5002   5.5665  1.00432299 69225
DIRECTV 11              
1 32729U 08013A   26272.52383802 -.00000122  00000+0  00000+0 0  9999
2 32729   0.0170  70.9866 0000087 104.8531 281.8647  1.00271345 46645
ICO G1                  
1 32763U 08016A   26272.39868685 -.00000166  00000+0  00000+0 0  9990
2 32763   5.5443  35.8022 0002501 133.2290 249.8169  1.00271453 67591
VINASAT-1               
1 32767U 08018A   26271.44921757 -.00000323  00000+0  00000+0 0  9996
2 32767   0.0075 124.4601 0002132  92.3201  84.1422  1.00271479 67625
STAR ONE C2             
1 32768U 08018B   26271.50128322 -.00000271  00000+0  00000+0 0  9993
2 32768   1.4965  81.2498 0002505 111.0080 290.5244  1.00272813 67696
AMOS-3                  
1 32794U 08022A   26272.86079176 -.00000113  00000+0  00000+0 0  9994
2 32794   0.7175  84.4140 0001659  75.7557 236.3759  1.00271268 83389
GALAXY 18 (G-18)        
1 32951U 08024A   26272.63912586  .00000029  00000+0  00000+0 0  9992
2 32951   0.0184 208.4114 0003094 344.9735 282.1169  1.00270936 46902
ZHONGXING-9             
1 33051U 08028A   26272.86403362 -.00000246  00000+0  00000+0 0  9992
2 33051   1.0272  83.7499 0007666 143.8331 184.5307  1.00272378 67083
SKYNET 5C               
1 33055U 08030A   26272.75380170 -.00000135  00000+0  00000+0 0  9995
2 33055   4.0495  75.7157 0005307 126.3745  60.0313  1.00271017 67000
TURKSAT 3A              
1 33056U 08030B   26272.69434000  .00000149  00000+0  00000+0 0  9995
2 33056   0.0468  75.3375 0004139 103.9752 121.1203  1.00273369 53404
ECHOSTAR 11             
1 33207U 08035A   26272.64391243 -.00000054  00000+0  00000+0 0  9990
2 33207   1.2675  82.7392 0002499 103.2897 304.4123  1.00271207 52265
SUPERBIRD-C2            
1 33274U 08038A   26272.84440105 -.00000302  00000+0  00000+0 0  9997
2 33274   2.6234  79.8475 0005328  82.3586 286.4121  1.00269376106788
INMARSAT 4-F3           
1 33278U 08039A   26271.55048985 -.00000134  00000+0  00000+0 0  9992
2 33278   4.3926  31.7695 0003422 176.4166 259.3521  1.00271199 47583
NIMIQ 4                 
1 33373U 08044A   26272.59854502 -.00000217  00000+0  00000+0 0  9991
2 33373   0.0558  85.5724 0001881 109.2721 307.0231  1.00272265 66036
GALAXY 19 (G-19)        
1 33376U 08045A   26271.88279534 -.00000134  00000+0  00000+0 0  9990
2 33376   0.0291 243.0914 0002637 316.3298  29.0557  1.00269412 65946
ASTRA 1M                
1 33436U 08057A   26272.68991998  .00000125  00000+0  00000+0 0  9993
2 33436   0.5586  82.4207 0003685 108.5505  85.2561  1.00272090 46787
EUTELSAT HOTBIRD 13C    
1 33459U 08065A   26272.74720690 -.00000278  00000+0  00000+0 0  9993
2 33459   3.2120  77.8532 0003899 120.7356  28.6478  1.00270685 48397
EXPRESS-AM44            
1 33595U 09007A   26272.82642868 -.00000084  00000+0  00000+0 0  9995
2 33595   3.7240  77.0342 0003606 113.4901 104.6107  1.00271797 53337
NSS-9                   
1 33749U 09008A   26272.63133867  .00000076  00000+0  00000+0 0  9990
2 33749   1.5237  81.3932 0002181 104.8818 232.4941  1.00272384 64567
TELSTAR 11N             
1 34111U 09009A   26272.74990169 -.00000247  00000+0  00000+0 0  9994
2 34111   0.0189 111.6385 0002667  82.0530  47.2585  1.00271608 47292
WGS F2 (USA 204)        
1 34713U 09017A   26271.60733561  .00000000  00000+0  00000+0 0  9992
2 34713   0.0162 190.8312 0000577  36.5777  56.1235  1.00271485 46658
SES-7 (PROTOSTAR 2)     
1 34941U 09027A   26271.56701344 -.00000340  00000+0  00000+0 0  9993
2 34941   0.0565  72.9543 0001171 159.0162  87.7633  1.00270054 63667
MEASAT-3A               
1 35362U 09032A   26271.86242859 -.00000105  00000+0  00000+0 0  9990
2 35362   0.0415 347.6122 0003098 198.9821 291.5567  1.00272478  9076
EWS-G3 (GOES 14)        
1 35491U 09033A   26272.85616779 -.00000014  00000+0  00000+0 0  9999
2 35491   1.9528  81.5393 0002325 112.4414 195.1257  1.00069920  7630
FM-5                    
1 35493U 09034A   26272.59767837 -.00000197  00000+0  00000+0 0  9997
2 35493   0.0279 258.9358 0000185 170.1511  68.3168  1.00270306 47691
TERRESTAR-1             
1 35496U 09035A   26272.78234669 -.00000051  00000+0  00000+0 0  9993
2 35496   5.2433  48.6414 0001887 111.2897  19.2666  1.00271112 63189
ASIASAT 5               
1 35696U 09042A   26272.86506256 -.00000304  00000+0  00000+0 0  9997
2 35696   0.0339 104.6670 0001769  69.3547 246.5513  1.00273149 62761
JCSAT-12 (JCSAT-RA)     
1 35755U 09044A   26272.84189769  .00000000  00000+0  00000+0 0  9991
2 35755   0.0126 191.7222 0001955  39.9341 212.0778  1.00267804 62653
OPTUS D3                
1 35756U 09044B   26271.60676773 -.00000141  00000+0  00000+0 0  9998
2 35756   0.7855 267.8659 0004349 283.4085 190.7148  1.00271065 62602
NIMIQ 5                 
1 35873U 09050A   26272.38655742 -.00000253  00000+0  00000+0 0  9998
2 35873   0.0202 108.2650 0002924  82.9435 243.4331  1.00271516 62384
AMAZONAS 2              
1 35942U 09054A   26272.52921139 -.00000255  00000+0  00000+0 0  9993
2 35942   2.0774  81.5616 0003412 105.7043 299.5774  1.00272826 62236
COMSATBW-1              
1 35943U 09054B   26272.12828086  .00000028  00000+0  00000+0 0  9994
2 35943   0.0410 125.7344 0003384  78.6787 272.7054  1.00273380 62355
NSS-12                  
1 36032U 09058A   26272.85506156  .00000074  00000+0  00000+0 0  9990
2 36032   0.0547  73.6636 0002704  82.9087 216.8858  1.00271827 61968
THOR 6                  
1 36033U 09058B   26271.61667366 -.00000005  00000+0  00000+0 0  9990
2 36033   0.0200 125.2465 0002459  95.3441   7.9757  1.00271890 62045
INTELSAT 14 (IS-14)     
1 36097U 09064A   26272.74842836 -.00000270  00000+0  00000+0 0  9993
2 36097   0.1777  83.7262 0002615 116.0225  33.2179  1.00271077 61656
EUTELSAT 36B            
1 36101U 09065A   26272.77683806  .00000116  00000+0  00000+0 0  9991
2 36101   0.7478  81.0059 0005874 108.4701 149.2286  1.00271101 61751
INTELSAT 15 (IS-15)     
1 36106U 09067A   26272.86300441  .00000000  00000+0  00000+0 0  9991
2 36106   0.0136 167.2047 0002738  45.0784 192.1658  1.00270092 42271
WGS F3 (USA 211)        
1 36108U 09068A   26271.14291847  .00000026  00000+0  00000+0 0  9991
2 36108   0.3045  84.7136 0000416 133.8335  77.5868  1.00271868 47621
DIRECTV 12              
1 36131U 09075A   26272.60153961 -.00000100  00000+0  00000+0 0  9995
2 36131   0.0034 116.5439 0000248  51.2543 314.4088  1.00270866 47601
BEIDOU-2 G1             
1 36287U 10001A   26272.85641547 -.00000275  00000+0  00000+0 0  9990
2 36287   4.5340  59.9452 0002527 239.6572 157.8116  1.00269473 61220
SDO                     
1 36395U 10005A   26271.49110538 -.00000049  00000+0  00000+0 0  9993
2 36395  34.8651  84.7722 0001762  88.2276 269.5156  1.00273865 61096
INTELSAT 16 (IS-16)     
1 36397U 10006A   26272.61477965  .00000102  00000+0  00000+0 0  9990
2 36397   0.0358 274.8849 0002257 303.6826  11.0632  1.01412919 60706
EWS-G2 (GOES 15)        
1 36411U 10008A   26272.85484649  .00000025  00000+0  00000+0 0  9996
2 36411   1.5593  81.7340 0004942  90.8393 207.1137  1.00272246 60689
ECHOSTAR 14             
1 36499U 10010A   26272.64051986  .00000004  00000+0  00000+0 0  9993
2 36499   0.0124 117.8188 0002021  77.8194 284.4662  1.00271939 47606
SES-1                   
1 36516U 10016A   26272.60153919 -.00000111  00000+0  00000+0 0  9994
2 36516   0.0257 287.6895 0002640 262.7829 293.4684  1.00270866 60080
ASTRA 3B                
1 36581U 10021A   26272.61945968  .00000141  00000+0  00000+0 0  9998
2 36581   1.7323  82.1008 0003112  77.8952  94.8949  1.00273054 59914
COMSATBW-2              
1 36582U 10021B   26272.61737968  .00000092  00000+0  00000+0 0  9993
2 36582   0.0265 117.7161 0003034  93.0431  33.1000  1.00271507 60009
BEIDOU-2 G3             
1 36590U 10024A   26272.86100721 -.00000131  00000+0  00000+0 0  9998
2 36590   4.7583  60.9422 0004093 357.8439 339.4720  1.00271927 59810
BADR-5                  
1 36592U 10025A   26272.19558764  .00000158  00000+0  00000+0 0  9999
2 36592   0.0649 112.0677 0008468 108.4649 248.3562  1.00272826 54263
ARABSAT-5A              
1 36745U 10032B   26272.17266991  .00000158  00000+0  00000+0 0  9993
2 36745   0.3000  77.5926 0003714 101.7240 281.3137  1.00269616 59691
ECHOSTAR 15             
1 36792U 10034A   26272.64052044  .00000003  00000+0  00000+0 0  9990
2 36792   0.0203  89.8144 0002707  65.0821 325.3095  1.00271226 59378
BEIDOU-2 IGSO-1         
1 36828U 10036A   26256.66970756 -.00000130  00000+0  00000+0 0  9997
2 36828  54.3037 162.1610 0058541 217.4777 320.7749  1.00289463 58981
NILESAT 201             
1 36830U 10037A   26272.75596838 -.00000054  00000+0  00000+0 0  9999
2 36830   0.0145 172.8583 0005676  12.5031  88.3177  1.00271888 59421
RASCOM-QAF 1R           
1 36831U 10037B   26272.68662662  .00000022  00000+0  00000+0 0  9995
2 36831   0.0163 135.4593 0005218  58.2961  64.7787  1.00271566 59359
AEHF-1 (USA 214)        
1 36868U 10039A   26272.54940483  .00000154  00000+0  00000+0 0  9998
2 36868   8.4805  66.6741 0004133 127.2713  42.1047  1.00271075 54709
XM-5                    
1 37185U 10053A   26272.60639903 -.00000020  00000+0  00000+0 0  9999
2 37185   0.0714 269.8358 0000403 234.0092 327.6672  1.00270549 58538
BSAT-3B                 
1 37207U 10056B   26272.86916411 -.00000347  00000+0  00000+0 0  9999
2 37207   0.0222 217.4489 0004630 358.1084 215.8268  1.00270692 53146
BEIDOU-2 G4             
1 37210U 10057A   26272.85197535 -.00000107  00000+0  00000+0 0  9995
2 37210   3.9000  68.1836 0008745 180.2985 226.8424  1.00273284 58341
SKYTERRA 1              
1 37218U 10061A   26272.60177094 -.00000112  00000+0  00000+0 0  9995
2 37218   5.3449  50.5865 0002395 129.6541 303.4720  1.00268092 58240
HYLAS 1                 
1 37237U 10065A   26271.60122913 -.00000254  00000+0  00000+0 0  9996
2 37237   5.8980  71.6898 0004562 164.2503 121.8266  1.00631203  7921
INTELSAT 17 (IS-17)     
1 37238U 10065B   26272.71343058  .00000001  00000+0  00000+0 0  9994
2 37238   0.0174 226.7682 0002582 331.2833 133.2744  1.00273203 54292
BEIDOU-2 IGSO-2         
1 37256U 10068A   26270.62186336 -.00000178  00000+0  00000+0 0  9995
2 37256  47.3663 270.5486 0057204 216.5025 208.0151  1.00248472 57822
EUTELSAT KA-SAT 9A      
1 37258U 10069A   26271.54742670  .00000066  00000+0  00000+0 0  9994
2 37258   0.0766 354.9912 0004968 166.2513  52.1738  1.00270560 45040
HISPASAT 30W-5          
1 37264U 10070A   26271.89604750 -.00000211  00000+0  00000+0 0  9990
2 37264   0.0511 105.2961 0005597  75.4812 119.4809  1.00270196 54229
KOREASAT 6              
1 37265U 10070B   26272.64641311 -.00000109  00000+0  00000+0 0  9995
2 37265   0.0120 210.7401 0002726  13.9840 176.2771  1.00268235 57814
BEIDOU-2 IGSO-3         
1 37384U 11013A   26270.86057378 -.00000175  00000+0  00000+0 0  9994
2 37384  62.5600  39.1954 0034794 184.2318 199.7599  1.00288499 56697
INTELSAT 28 (IS-28)     
1 37392U 11016A   26272.75102837 -.00000221  00000+0  00000+0 0  9999
2 37392   2.0686  81.1901 0003851 117.3693  48.6470  1.00269813 54339
YAHSAT 1A               
1 37393U 11016B   26272.55391149  .00000105  00000+0  00000+0 0  9994
2 37393   0.0151 179.4851 0001830  14.8217  65.9375  1.00270295 43451
SBIRS GEO-1 (USA 230)   
1 37481U 11019A   26272.76487161  .00000104  00000+0  00000+0 0  9997
2 37481   4.7652  52.9675 0001756 136.1073 146.6261  1.00272601 56447
GSAT-8                  
1 37605U 11022A   26272.79267369  .00000088  00000+0  00000+0 0  9999
2 37605   2.3937  80.4128 0007248 162.1928 106.4230  1.00272732 54267
ST-2                    
1 37606U 11022B   26272.86332676 -.00000207  00000+0  00000+0 0  9996
2 37606   0.0130 221.4759 0002148   2.3888 183.5788  1.00267742 56327
ZHONGXING-10            
1 37677U 11026A   26272.76316175 -.00000008  00000+0  00000+0 0  9992
2 37677   1.2401  50.3760 0005804 199.7370  62.6288  0.99023344 56034
SES-3                   
1 37748U 11035A   26272.60215924 -.00000098  00000+0  00000+0 0  9993
2 37748   1.5888  81.7222 0002663 126.7667 273.6727  1.00271805 55643
KAZSAT-2                
1 37749U 11035B   26271.49143979 -.00000192  00000+0  00000+0 0  9995
2 37749   0.0466 352.0954 0002046 250.0242  28.5790  1.00269242 54436
BEIDOU-2 IGSO-4         
1 37763U 11038A   26270.55809838 -.00000039  00000+0  00000+0 0  9993
2 37763  54.6021 164.7629 0160756 230.8119 265.6470  1.00265441 55676
ASTRA 1N                
1 37775U 11041A   26272.61859301  .00000124  00000+0  00000+0 0  9993
2 37775   0.0948  40.3463 0004423 123.7582  86.1962  1.00273692 45576
BSAT-3C (JCSAT-110R)    
1 37776U 11041B   26272.86916411 -.00000347  00000+0  00000+0 0  9995
2 37776   0.0454  29.6961 0000102 228.7323 173.0786  1.00270390 51514
SES-2                   
1 37809U 11049A   26272.59750502 -.00000192  00000+0  00000+0 0  9995
2 37809   0.3191  86.7334 0003029 106.0230 303.7297  1.00271068 55017
ARABSAT-5C              
1 37810U 11049B   26272.69000666  .00000127  00000+0  00000+0 0  9994
2 37810   0.0555   1.0657 0004196 196.6635  79.1580  1.00273920 55083
EUTELSAT 7 WEST A       
1 37816U 11051A   26272.68463330 -.00000057  00000+0  00000+0 0  9996
2 37816   0.0725 336.0973 0006565 210.5428  60.9952  1.00271175 54921
QUETZSAT 1              
1 37826U 11054A   26272.52825806 -.00000238  00000+0  00000+0 0  9994
2 37826   0.0227  78.7746 0002846 118.4660 284.2530  1.00271928 50924
INTELSAT 18 (IS-18)     
1 37834U 11056A   26272.63989286  .00000056  00000+0  00000+0 0  9997
2 37834   0.0149 243.2320 0002230 318.9158 216.6289  1.00269841 54856
EUTELSAT 16A            
1 37836U 11057A   26272.75934839  .00000032  00000+0  00000+0 0  9991
2 37836   0.1296  68.8055 0005619 114.5279 108.9206  1.00021616  8381
VIASAT-1                
1 37843U 11059A   26272.59195832 -.00000020  00000+0  00000+0 0  9993
2 37843   0.0196 212.7597 0002427 334.9883 278.6244  1.00270437 48378
ASIASAT 7               
1 37933U 11069A   26272.73359840 -.00000330  00000+0  00000+0 0  9995
2 37933   0.0429  80.9557 0001528  99.2681 197.8434  1.00267756 45905
BEIDOU-2 IGSO-5         
1 37948U 11073A   26270.97961485 -.00000126  00000+0  00000+0 0  9997
2 37948  47.4986 270.2599 0116511 224.3210 320.7744  1.00274862 54167
LUCH-5A                 
1 37951U 11074B   26272.75462980 -.00000042  00000+0  00000+0 0  9993
2 37951   9.0124  72.2459 0004602 137.3674 237.6293  1.00274061 54108
NIGCOMSAT 1R            
1 38014U 11077A   26272.62318637  .00000148  00000+0  00000+0 0  9998
2 38014   0.0202 212.4599 0003082 110.7652 312.0498  1.00273618 54003
WGS F4 (USA 233)        
1 38070U 12003A   26271.49187312 -.00000210  00000+0  00000+0 0  9999
2 38070   0.0177 174.1773 0000372  95.5932   3.0200  1.00272513 45184
SES-4                   
1 38087U 12007A   26271.89760751 -.00000163  00000+0  00000+0 0  9996
2 38087   0.0122 294.5275 0002416 266.0922 108.2104  1.00271924 53265
BEIDOU-2 G5             
1 38091U 12008A   26272.80806726  .00000061  00000+0  00000+0 0  9993
2 38091   3.8275  68.9196 0007396 234.0942  55.1471  1.00273139 53418
MUOS-1                  
1 38093U 12009A   26272.60062050 -.00000122  00000+0  00000+0 0  9997
2 38093   5.6879  46.9567 0051869   3.4676  74.1640  1.00270573 53490
INTELSAT 22 (IS-22)     
1 38098U 12011A   26272.85616757 -.00000056  00000+0  00000+0 0  9997
2 38098   0.0255 247.0201 0001776 295.1066 206.8274  1.00274738  8232
APSTAR-7                
1 38107U 12013A   26272.85856427 -.00000098  00000+0  00000+0 0  9996
2 38107   0.0290 109.7374 0002791  88.1262 196.3520  1.00270838 52865
YAHSAT 1B               
1 38245U 12016A   26272.76671508  .00000130  00000+0  00000+0 0  9993
2 38245   0.1018  86.8579 0001296 133.5777 111.7570  1.00270673 46657
AEHF-2 (USA 235)        
1 38254U 12019A   26272.75406170 -.00000130  00000+0  00000+0 0  9997
2 38254   6.8880  56.6487 0002701 146.9444  59.8966  1.00270600  8032
JCSAT-13                
1 38331U 12023A   26272.83518340 -.00000353  00000+0  00000+0 0  9997
2 38331   0.0163 112.2789 0002426  80.5679 240.4474  1.00270197 52592
VINASAT-2               
1 38332U 12023B   26271.60216799 -.00000323  00000+0  00000+0 0  9992
2 38332   0.0103 237.2013 0002113 312.7789 166.0565  1.00271899 47699
NIMIQ 6                 
1 38342U 12026A   26272.59663836 -.00000170  00000+0  00000+0 0  9993
2 38342   0.0230  88.6624 0002987 104.7689 298.6425  1.00271745 51472
ZHONGXING-2A            
1 38352U 12028A   26272.86466316 -.00000289  00000+0  00000+0 0  9991
2 38352   1.7163  82.3718 0001759 165.1742 170.6370  1.00270447 52341
INTELSAT 19 (IS-19)     
1 38356U 12030A   26272.63826875 -.00000052  00000+0  00000+0 0  9991
2 38356   0.0182 233.6108 0003407 330.3417 200.2548  1.00273016 51496
ECHOSTAR 17             
1 38551U 12035A   26270.66906779 -.00000070  00000+0  00000+0 0  9996
2 38551   0.0197 141.0649 0002204  52.7073 306.4720  1.00270825 52091
METEOSAT-10 (MSG-3)     
1 38552U 12035B   26268.69445431  .00000000  00000+0  00000+0 0  9992
2 38552   4.9040  60.4434 0000997 124.6493  69.5152  1.00273165 51860
SES-5                   
1 38652U 12036A   26271.26148765  .00000000  00000+0  00000+0 0  9991
2 38652   0.0138 345.1970 0002329 209.6352 271.3242  1.00271791 45491
INTELSAT 20 (IS-20)     
1 38740U 12043A   26271.13140044 -.00000019  00000+0  00000+0 0  9996
2 38740   0.0192 129.9464 0001926  42.3256 310.4581  1.00271634 51788
HYLAS 2                 
1 38741U 12043B   26272.68454662 -.00000013  00000+0  00000+0 0  9996
2 38741   2.6881  79.6612 0004669 164.2086   3.3880  1.00521440 51828
INTELSAT 21 (IS-21)     
1 38749U 12045A   26271.40409779 -.00000280  00000+0  00000+0 0  9990
2 38749   0.0379  87.1574 0002074 103.1672 264.3567  1.00271185 51551
ASTRA 2F                
1 38778U 12051A   26272.17266991  .00000154  00000+0  00000+0 0  9990
2 38778   0.0525 252.7798 0004304 319.0409 246.4967  1.00273577 42178
GSAT-10                 
1 38779U 12051B   26272.86122221  .00000000  00000+0  00000+0 0  9994
2 38779   0.0172 197.7634 0004324 284.4338 279.4915  1.00269685 51143
INTELSAT 23 (IS-23)     
1 38867U 12057A   26272.10531409 -.00000280  00000+0  00000+0 0  9998
2 38867   0.0154 253.8340 0001802 349.4394 109.5401  1.00273782 50999
BEIDOU-2 G6             
1 38953U 12059A   26272.86111483 -.00000171  00000+0  00000+0 0  9994
2 38953   4.6792  72.3203 0006602 321.0810   9.2490  1.00274427 50954
LUCH-5B                 
1 38977U 12061A   26272.61157299 -.00000131  00000+0  00000+0 0  9997
2 38977  10.7044  48.8142 0006661 169.8840 353.5504  1.00271841 50659
YAMAL 300K              
1 38978U 12061B   26272.79358189  .00000075  00000+0  00000+0 0  9994
2 38978   0.0110 184.2958 0000187 315.9791 336.9466  1.00272903 50687
STAR ONE C3             
1 38991U 12062A   26272.52860472 -.00000245  00000+0  00000+0 0  9994
2 38991   0.0600  79.6343 0002108 111.1278 292.8624  1.00272576 50819
EUTELSAT 21B            
1 38992U 12062B   26272.69035331  .00000133  00000+0  00000+0 0  9996
2 38992   0.0693 357.9322 0002901 182.7125  97.9352  1.00271325 50876
ECHOSTAR 16             
1 39008U 12065A   26272.74504022 -.00000278  00000+0  00000+0 0  9993
2 39008   0.0180 168.5996 0002264  20.9608  25.6810  1.00269661 50697
ZHONGXING-12            
1 39017U 12067A   26272.86332666 -.00000204  00000+0  00000+0 0  9990
2 39017   0.0054 214.0891 0003032 340.4293 212.4251  1.00274159 50550
EUTELSAT 70B            
1 39020U 12069A   26272.85801111 -.00000041  00000+0  00000+0 0  9990
2 39020   0.0656 348.9673 0003852 200.5553 198.4940  1.00273328 50557
YAMAL 402               
1 39022U 12070A   26272.80860499  .00000089  00000+0  00000+0 0  9994
2 39022   1.5263  82.6437 0003675 109.3731 162.5782  1.00272621 50445
SKYNET 5D               
1 39034U 12075A   26272.14350145  .00000103  00000+0  00000+0 0  9998
2 39034   0.0746   8.1824 0004132 191.6339 272.5253  1.00273014 50204
MEXSAT 3                
1 39035U 12075B   26272.59204500 -.00000023  00000+0  00000+0 0  9993
2 39035   0.0197 207.5924 0001884  24.3194 234.7868  1.00276914  8109
TDRS 11                 
1 39070U 13004A   26272.65152647  .00000084  00000+0  00000+0 0  9992
2 39070   3.6813  32.7766 0002899  39.1289 356.6565  1.00273548 47741
AMAZONAS 3              
1 39078U 13006A   26272.53137808 -.00000279  00000+0  00000+0 0  9998
2 39078   0.0172 189.6614 0005540  15.8947 293.0701  1.00270060 45975
AZERSPACE 1             
1 39079U 13006B   26271.05574013  .00000138  00000+0  00000+0 0  9991
2 39079   0.0226  98.8841 0001842 114.0642 219.9672  1.00272334 49833
SBIRS GEO-2 (USA 241)   
1 39120U 13011A   26272.59922801 -.00000140  00000+0  00000+0 0  9990
2 39120   4.7135  52.4311 0002415 146.8347 288.0355  1.00271948 49587
EUTELSAT 117 WEST A     
1 39122U 13012A   26272.64120980 -.00000010  00000+0  00000+0 0  9993
2 39122   0.0359  44.7873 0003055 152.0845 285.5923  1.00272313 49485
ANIK G1                 
1 39127U 13014A   26272.64537314 -.00000071  00000+0  00000+0 0  9990
2 39127   0.0255  99.7556 0003209 104.8529 288.8531  1.00271484 49308
ZHONGXING-11            
1 39157U 13020A   26272.86466338 -.00000288  00000+0  00000+0 0  9991
2 39157   0.0117 245.4672 0000744 269.7113 262.6573  1.00272243 48947
EUTELSAT 7B             
1 39163U 13022A   26272.76047507  .00000107  00000+0  00000+0 0  9991
2 39163   0.0678   0.4584 0003341 113.2953 184.5502  1.00271181 48997
WGS F5 (USA 243)        
1 39168U 13024A   26271.46396633 -.00000279  00000+0  00000+0 0  9992
2 39168   0.0175 197.9977 0000496  24.0952 259.7185  1.00269296 48219
SES-6                   
1 39172U 13026A   26272.74929502 -.00000258  00000+0  00000+0 0  9995
2 39172   0.0117 242.9701 0002673 320.8107  33.9946  1.00270364 48770
IRNSS-1A                
1 39199U 13034A   26271.98293417  .00000085  00000+0  00000+0 0  9994
2 39199  35.9501  62.3870 0020592 179.5732 174.8711  1.00279444 48400
MUOS-2                  
1 39206U 13036A   26272.63549801 -.00000006  00000+0  00000+0 0  9993
2 39206   5.2028  45.5492 0057725 178.6579 185.0209  1.00274653 48248
ALPHASAT                
1 39215U 13038A   26272.76229507  .00000139  00000+0  00000+0 0  9993
2 39215   3.0042   0.5623 0003977 202.1695 105.1106  1.00272142 45066
INSAT-3D                
1 39216U 13038B   26272.83765692 -.00000335  00000+0  00000+0 0  9991
2 39216   2.1885  81.0888 0002269 133.3144 225.2893  1.00270452 48125
WGS F6 (USA 244)        
1 39222U 13041A   26272.08902067  .00000093  00000+0  00000+0 0  9998
2 39222   0.0017 169.6469 0000512  99.8808 355.2039  1.00271795 47100
ES'HAIL 1               
1 39233U 13044A   26272.76238175  .00000146  00000+0  00000+0 0  9999
2 39233   0.0643  11.3417 0002371 183.4992 113.6308  1.00271870 47673
GSAT-7                  
1 39234U 13044B   26272.85811884 -.00000074  00000+0  00000+0 0  9995
2 39234   0.3430  86.2552 0006074 167.7760 137.5475  1.00271717 46303
AMOS-4                  
1 39237U 13045A   26272.05738721  .00000011  00000+0  00000+0 0  9999
2 39237   0.0034 174.3437 0001133   6.4570 272.7211  1.00273086 47990
AEHF-3 (USA 246)        
1 39256U 13050A   26272.63828535  .00000034  00000+0  00000+0 0  9998
2 39256   5.5472  66.1647 0092548 188.9294 218.8432  1.00272898 46701
ASTRA 2E                
1 39285U 13056A   26272.69165331  .00000154  00000+0  00000+0 0  9993
2 39285   0.0793 313.7924 0002158 237.2972  94.8625  1.00273679 47465
FM-6                    
1 39360U 13058A   26272.60709536 -.00000013  00000+0  00000+0 0  9996
2 39360   0.0250 248.6896 0001304  20.0493 201.8720  1.00272844 47121
RADUGA-1M 3             
1 39375U 13062A   26272.62162634  .00000159  00000+0  00000+0 0  9991
2 39375   6.2205  71.0013 0001834 290.1754 265.9627  1.00272116 47154
SES-8                   
1 39460U 13071A   26272.86424866 -.00000266  00000+0  00000+0 0  9990
2 39460   0.0348 292.5166 0001878 237.0567 245.1957  1.00270363 45479
INMARSAT 5-F1           
1 39476U 13073A   26272.85581477  .00000000  00000+0  00000+0 0  9995
2 39476   0.0169 175.8513 0000496  37.7539 165.7215  1.00273143 46626
TKSAT-1 (TUPAC KATARI)  
1 39481U 13075A   26272.59750502 -.00000191  00000+0  00000+0 0  9993
2 39481   0.0503  47.6903 0002105 134.2879 314.3150  1.00272418 46659
EXPRESS-AM5             
1 39487U 13077A   26272.85632881 -.00000277  00000+0  00000+0 0  9994
2 39487   0.0259 250.9588 0001784 252.1925 313.7936  1.00269888 47401
GSAT-14                 
1 39498U 14001A   26272.85834919 -.00000074  00000+0  00000+0 0  9995
2 39498   0.0182 115.0967 0006029 111.4606 165.1040  1.00271915 46420
THAICOM 6               
1 39500U 14002A   26272.11433531 -.00000117  00000+0  00000+0 0  9992
2 39500   0.0702 104.1794 0003328  65.7837 317.6470  1.00271840 46502
TDRS 12                 
1 39504U 14004A   26271.97769080 -.00000265  00000+0  00000+0 0  9996
2 39504   4.0875  20.6467 0007450 218.8563  79.0442  1.00264158 45317
ABS-2                   
1 39508U 14006A   26272.62959971 -.00000082  00000+0  00000+0 0  9992
2 39508   0.0259  95.2845 0003544  96.6906 118.0133  1.00271102 46324
ATHENA-FIDUS            
1 39509U 14006B   26272.76480840  .00000157  00000+0  00000+0 0  9994
2 39509   0.0293 112.2377 0001510 101.6834 107.7575  1.00273325 46134
TURKSAT 4A              
1 39522U 14007A   26272.69434000  .00000150  00000+0  00000+0 0  9992
2 39522   0.0655 288.2178 0004161 321.1753  51.0286  1.00270543 46014
EXPRESS-AT1             
1 39612U 14010A   26272.86079191 -.00000118  00000+0  00000+0 0  9996
2 39612   0.5194  84.2168 0004937  90.2481 221.5468  1.00314766 45867
EXPRESS-AT2             
1 39613U 14010B   26272.80860507  .00000082  00000+0  00000+0 0  9999
2 39613   0.0180 221.2006 0000353 256.6387 237.8457  1.00269898 45541
AMAZONAS 4A             
1 39616U 14011A   26272.52886472 -.00000249  00000+0  00000+0 0  9997
2 39616   0.0588 206.1623 0006574 349.4512 289.1095  1.00272053 45764
ASTRA 5B                
1 39617U 14011B   26272.61945968  .00000140  00000+0  00000+0 0  9993
2 39617   0.0887 298.4103 0003445 269.7657  46.7236  1.00270518 45715
IRNSS-1B                
1 39635U 14017A   26266.99628252  .00000102  00000+0  00000+0 0  9995
2 39635  28.7568 238.7061 0019854 191.6103 346.2300  1.00273502 45781
LUCH-5V                 
1 39727U 14023A   26272.86414135 -.00000264  00000+0  00000+0 0  9990
2 39727   5.3877  68.5883 0002755 154.0113 191.8726  1.00274653 45407
KAZSAT-3                
1 39728U 14023B   26272.85506191  .00000063  00000+0  00000+0 0  9990
2 39728   0.0155 268.7392 0000356 245.9663 220.2661  1.00271878 43503
EUTELSAT 3B             
1 39773U 14030A   26272.68662662  .00000024  00000+0  00000+0 0  9992
2 39773   0.0670 351.0113 0004531 197.8924  69.8560  1.00272649 45117
ASIASAT 8 (AMOS-7)      
1 40107U 14046A   26272.86636795 -.00000330  00000+0  00000+0 0  9991
2 40107   0.0403  81.3827 0001774 111.7633 232.6923  1.00273760103198
ASIASAT 6               
1 40141U 14052A   26272.87792098 -.00000359  00000+0  00000+0 0  9997
2 40141   0.0210  97.2405 0000940  78.4117 268.9742  1.00271194 44127
OPTUS 10                
1 40146U 14054A   26272.85343426 -.00000144  00000+0  00000+0 0  9991
2 40146   0.0295 290.9557 0002051 258.1879 282.7287  1.00270822 44082
MEASAT-3B               
1 40147U 14054B   26272.86371080 -.00000239  00000+0  00000+0 0  9995
2 40147   0.0435  41.2401 0000917  81.3901 288.4337  1.00273338 43965
HIMAWARI-8              
1 40267U 14060A   26272.84756597 -.00000273  00000+0  00000+0 0  9991
2 40267   0.0080 208.1670 0001415  21.3713 224.8667  1.00268406 43808
IRNSS-1C                
1 40269U 14061A   26272.69317088 -.00000154  00000+0  00000+0 0  9993
2 40269   6.7787  86.9185 0019635  10.5494 243.4688  1.00268509 43735
INTELSAT 30 (IS-30)     
1 40271U 14062A   26272.59594501 -.00000147  00000+0  00000+0 0  9995
2 40271   0.0077 164.8195 0001117 237.6345  85.4286  1.00269994  7846
ARSAT 1                 
1 40272U 14062B   26272.52929807 -.00000256  00000+0  00000+0 0  9991
2 40272   0.0226 290.3333 0001748 259.0186 297.7060  1.00270878 43675
EUTELSAT 53A            
1 40277U 14064A   26272.91035686  .00000103  00000+0  00000+0 0  9994
2 40277   0.0145 226.7270 0001852 358.3019 164.3836  1.00256404 42619
GSAT-16                 
1 40332U 14078A   26272.80851286  .00000088  00000+0  00000+0 0  9993
2 40332   0.0284 100.0095 0004945  21.8257 232.8909  1.00272444 43161
DIRECTV 14              
1 40333U 14078B   26272.59507836  .00000000  00000+0  00000+0 0  9993
2 40333   0.0101 216.3508 0000518 234.1346  32.8610  1.00270832 43098
YAMAL 401               
1 40345U 14082A   26272.86371109 -.00000225  00000+0  00000+0 0  9993
2 40345   0.0172 225.5821 0000748  42.6251 141.3206  1.00270772 42966
ASTRA 2G                
1 40364U 14089A   26272.69165331  .00000153  00000+0  00000+0 0  9999
2 40364   0.0629  18.1670 0001863  83.4179 184.0613  1.00272567 43010
FENGYUN 2G              
1 40367U 14090A   26272.86515503 -.00000297  00000+0  00000+0 0  9993
2 40367   5.8958  71.4954 0004263 185.3662 162.9214  1.00267084 43047
MUOS-3                  
1 40374U 15002A   26272.61165964 -.00000123  00000+0  00000+0 0  9998
2 40374   4.7221  43.8272 0058552 179.4848 349.8325  1.00272674 42636
INMARSAT 5-F2           
1 40384U 15005A   26272.39002411 -.00000281  00000+0  00000+0 0  9999
2 40384   0.0188 157.7631 0000970  26.6451 269.1061  1.00269896 42033
ABS-3A                  
1 40424U 15010A   26272.16086218 -.00000022  00000+0  00000+0 0  9995
2 40424   0.0055 179.3025 0001892 305.1400 298.3842  1.00271220 42418
EUTELSAT 115 WEST B     
1 40425U 15010B   26272.59204500 -.00000021  00000+0  00000+0 0  9998
2 40425   0.0154 337.7335 0000284 122.7964   6.0699  1.00271656 42434
EXPRESS-AM7             
1 40505U 15012A   26272.16711500  .00000155  00000+0  00000+0 0  9992
2 40505   0.0175 111.8770 0003342  85.3349 270.9105  1.00273893 42056
BEIDOU-3S IGSO-1S       
1 40549U 15019A   26269.48543381 -.00000153  00000+0  00000+0 0  9997
2 40549  49.0033 294.2333 0038963 201.5282 140.7190  1.00286165 42083
THOR 7                  
1 40613U 15022A   26272.75718171 -.00000005  00000+0  00000+0 0  9994
2 40613   0.0049 212.2157 0002883 343.0890  85.1642  1.00270824 41866
TURKMENALEM52E/MONACOSAT
1 40617U 15023A   26272.77683806  .00000000  00000+0  00000+0 0  9991
2 40617   0.0166 181.2825 0003098  18.4680 140.4796  1.00273684 41891
DIRECTV 15              
1 40663U 15026A   26272.60223449 -.00000099  00000+0  00000+0 0  9999
2 40663   0.0279  97.5521 0000437  90.1361 294.6204  1.00268762 41512
SKY MEXICO-1            
1 40664U 15026B   26272.59915169 -.00000231  00000+0  00000+0 0  9993
2 40664   0.0289 263.8479 0002284 293.9854 307.4445  1.00270590 41507
METEOSAT-11 (MSG-4)     
1 40732U 15034A   26272.75917507  .00000068  00000+0  00000+0 0  9991
2 40732   3.4584  70.3447 0000495  86.4096 134.5060  1.00277732  8262
STAR ONE C4             
1 40733U 15034B   26272.81472862 -.00000262  00000+0  00000+0 0  9996
2 40733   0.0451  16.7975 0001156 165.6346  49.4683  1.00271312 41060
WGS F7 (USA 263)        
1 40746U 15036A   26272.64944647  .00000022  00000+0  00000+0 0  9991
2 40746   0.0181 182.7482 0000538  79.2649 155.2539  1.00272646 40910
INTELSAT 34 (IS-34)     
1 40874U 15039A   26270.89310208 -.00000280  00000+0  00000+0 0  9998
2 40874   0.0244 294.7300 0000211 218.2043 119.7954  1.00273319 40662
EUTELSAT 8 WEST B       
1 40875U 15039B   26272.75570838 -.00000062  00000+0  00000+0 0  9991
2 40875   0.0671 358.0705 0003595 189.8621  84.6452  1.00271628 40702
GSAT-6                  
1 40880U 15041A   26272.81496618 -.00000157  00000+0  00000+0 0  9995
2 40880   2.1830  81.1477 0002919 109.7512 193.6145  1.00271975 40645
INMARSAT 5-F3           
1 40882U 15042A   26272.08000730  .00000055  00000+0  00000+0 0  9999
2 40882   0.0173 149.9302 0000854 221.3224 204.9919  1.00272021 40616
MUOS-4                  
1 40887U 15044A   26272.85811861 -.00000088  00000+0  00000+0 0  9993
2 40887   4.5265  42.6926 0052029   3.0102 346.8401  1.00271561 40603
TJS-1                   
1 40892U 15046A   26272.85343446 -.00000153  00000+0  00000+0 0  9993
2 40892   0.5858  83.7289 0003108  92.0086 295.1557  1.00270656 40628
EXPRESS-AM8             
1 40895U 15048A   26272.75458170 -.00000108  00000+0  00000+0 0  9998
2 40895   0.0151 228.6048 0000223  43.9852 353.6004  1.00271459 40399
BEIDOU-3S IGSO-2S       
1 40938U 15053A   26271.93708722 -.00000131  00000+0  00000+0 0  9998
2 40938  49.0702 257.5386 0065673 192.4043 351.3594  1.00280511 40398
SKY MUSTER 1 (NBN1A)    
1 40940U 15054A   26272.84501551 -.00000275  00000+0  00000+0 0  9993
2 40940   0.0124 232.3443 0001920 318.5900 262.1435  1.00270454 40308
ARSAT 2                 
1 40941U 15054B   26272.52747806 -.00000221  00000+0  00000+0 0  9995
2 40941   0.0180 275.7302 0002000 275.1103 286.3646  1.00271328 40357
MORELOS 3               
1 40946U 15056A   26272.64244958 -.00000039  00000+0  00000+0 0  9992
2 40946   3.2837  17.6008 0003372 185.9317 283.0686  1.00272537 40339
APSTAR-9                
1 40982U 15059A   26272.64285977 -.00000262  00000+0  00000+0 0  9999
2 40982   0.0609  60.5019 0002704 134.1332 187.2280  1.00269632 40158
TURKSAT 4B              
1 40984U 15060A   26272.77683806  .00000000  00000+0  00000+0 0  9999
2 40984   0.0159 177.2568 0001945  15.5007 145.4109  1.00268624 40147
ZHONGXING-2C            
1 41021U 15063A   26272.82493612 -.00000321  00000+0  00000+0 0  9992
2 41021   0.5354  86.3102 0009821 121.6961 201.0356  1.00272750 40020
GSAT-15                 
1 41028U 15065A   26272.86403369 -.00000255  00000+0  00000+0 0  9991
2 41028   0.0185 156.5751 0002130  32.1053 224.5279  1.00271933 39842
BADR-7 (ARABSAT-6B)     
1 41029U 15065B   26272.26349023  .00000149  00000+0  00000+0 0  9993
2 41029   0.0328 228.5234 0006919 356.5977 263.7734  1.00271239 39812
LAOSAT 1                
1 41034U 15067A   26272.85395622 -.00000340  00000+0  00000+0 0  9996
2 41034   0.0518  29.7751 0002172 105.9631 308.8426  1.00272590 39904
TELSTAR 12V             
1 41036U 15068A   26271.97020019 -.00000114  00000+0  00000+0 0  9995
2 41036   0.0114 123.0311 0002277  71.4318 147.5772  1.00271388 39662
ELEKTRO-L 2             
1 41105U 15074A   26272.68315995 -.00000111  00000+0  00000+0 0  9995
2 41105   6.9491  69.1937 0002302 192.2556 338.4393  1.00271446 39554
COSMOS 2513             
1 41121U 15075A   26270.72058589 -.00000133  00000+0  00000+0 0  9994
2 41121   0.0501 102.3742 0001811 120.5573 123.2657  1.00271443 39572
EXPRESS-AMU1            
1 41191U 15082A   26272.76446175  .00000000  00000+0  00000+0 0  9999
2 41191   0.0182 190.5302 0002632  15.7542 113.5276  1.00270286 39313
GAOFEN-4                
1 41194U 15083A   26272.86636804 -.00000331  00000+0  00000+0 0  9992
2 41194   0.6193  83.0816 0003714 141.4538 201.6936  1.00268837 39573
BELINTERSAT-1           
1 41238U 16001A   26272.77683806  .00000110  00000+0  00000+0 0  9990
2 41238   0.0366 274.4089 0000363 139.3950 285.9083  1.00273882 39289
IRNSS-1E                
1 41241U 16003A   26272.86962487 -.00000287  00000+0  00000+0 0  9997
2 41241  33.4629  58.2388 0021844 181.5248 193.6794  1.00268669 39136
EUTELSAT 9B             
1 41310U 16005A   26271.26226765  .00000067  00000+0  00000+0 0  9996
2 41310   0.0658  67.8004 0003066 158.0566 244.6235  1.00273022 39152
SES-9                   
1 41380U 16013A   26271.56701344 -.00000340  00000+0  00000+0 0  9991
2 41380   0.0062 177.9901 0001482 331.5541 170.2448  1.00271492 38471
EUTELSAT 65 WEST A      
1 41382U 16014A   26272.81568198 -.00000273  00000+0  00000+0 0  9996
2 41382   0.0886 301.8969 0002333 248.0886  47.0688  1.00272219 38575
IRNSS-1F                
1 41384U 16015A   26272.62119301  .00000163  00000+0  00000+0 0  9993
2 41384   5.6061  94.3760 0020602 172.8181 357.3086  1.00265789 38716
BEIDOU-2 IGSO-6         
1 41434U 16021A   26271.90912337 -.00000159  00000+0  00000+0 0  9992
2 41434  60.3773  37.0178 0062160 228.6044 165.9667  1.00278896 38520
IRNSS-1G                
1 41469U 16027A   26272.83801013 -.00000329  00000+0  00000+0 0  9996
2 41469   5.4501  95.0337 0002501  46.7695 298.0272  1.00273070 38228
JCSAT-2B                
1 41471U 16028A   26271.86121524 -.00000160  00000+0  00000+0 0  9997
2 41471   0.0196 155.1834 0001559  43.6779 272.8242  1.00271029 38176
THAICOM 8               
1 41552U 16031A   26272.86079175 -.00000119  00000+0  00000+0 0  9990
2 41552   0.0835  36.1115 0000566 102.0996 258.8050  1.00273455 37764
INTELSAT 31 (IS-31)     
1 41581U 16035A   26269.31716770 -.00000148  00000+0  00000+0 0  9993
2 41581   0.0167 222.8228 0002214   1.9278 159.5323  1.00271911 37692
BEIDOU-2 G7             
1 41586U 16037A   26272.86916412 -.00000349  00000+0  00000+0 0  9992
2 41586   1.9728  69.6660 0004417 350.5087  11.8646  1.00266640  7941
ABS-2A (MONGOLSAT-1)    
1 41588U 16038A   26272.81421331  .00000000  00000+0  00000+0 0  9994
2 41588   0.0199 209.2358 0001452 301.4187 225.7689  1.00269087 37756
EUTELSAT 117 WEST B     
1 41589U 16038B   26272.02133374 -.00000007  00000+0  00000+0 0  9993
2 41589   0.0141 337.4241 0000371 112.7194 168.3291  1.00271028 37703
BRISAT                  
1 41591U 16039A   26272.85142256 -.00000193  00000+0  00000+0 0  9993
2 41591   0.0155 235.5072 0002185 314.7311 275.4069  1.00270603 37667
ECHOSTAR 18             
1 41592U 16039B   26271.46981751  .00000000  00000+0  00000+0 0  9997
2 41592   0.0202 185.9800 0001902  13.5033 275.5425  1.00272870 37664
MUOS-5                  
1 41622U 16041A   26272.64537322 -.00000123  00000+0  00000+0 0  9993
2 41622   1.9919 304.1009 0204601 261.0108 290.6438  1.00270478 38130
TIANTONG-1 1            
1 41725U 16048A   26272.86506273 -.00000313  00000+0  00000+0 0  9990
2 41725   4.0517  44.0734 0001503  94.9836 282.4122  1.00273542 37328
JCSAT-16                
1 41729U 16050A   26272.17197608 -.00000246  00000+0  00000+0 0  9994
2 41729   0.0182 162.3763 0001235  49.3384   2.1104  1.00270536 37121
USA 270                 
1 41744U 16052A   26270.35888641 -.00000343  00000+0  00000+0 0  9993
2 41744   4.4532  75.8312 0008413 118.2902  67.3566  1.00263772 29153
USA 271                 
1 41745U 16052B   26269.69165354 -.00000177  00000+0  00000+0 0  9993
2 41745   4.4258  75.9178 0003016 175.0903 359.8162  0.99064596 28932
INTELSAT 36 (IS-36)     
1 41747U 16053A   26272.55703152 -.00000020  00000+0  00000+0 0  9996
2 41747   0.0076 206.9148 0001895 134.2312 296.2206  1.00270253 37004
INSAT-3DR               
1 41752U 16054A   26272.85834921 -.00000074  00000+0  00000+0 0  9994
2 41752   0.0722  88.2781 0012446 175.9655 127.4065  1.00270920 36860
GSAT-18                 
1 41793U 16060A   26272.64059159 -.00000073  00000+0  00000+0 0  9994
2 41793   0.0466  89.7869 0002181  42.1134 181.0800  1.00271091 36576
SKY MUSTER 2 (NBN1B)    
1 41794U 16060B   26271.52291869 -.00000239  00000+0  00000+0 0  9991
2 41794   0.0172 241.9730 0001590 305.4360 152.9752  1.00272395 36558
HIMAWARI-9              
1 41836U 16064A   26271.53099162 -.00000270  00000+0  00000+0 0  9990
2 41836   0.0035 209.1533 0002066  31.3106  98.7852  1.00269973 36244
SHIJIAN-17 (SJ-17)      
1 41838U 16065A   26272.71527302 -.00000060  00000+0  00000+0 0  9993
2 41838   6.0116  71.2887 0001652  96.3525 180.4509  0.99851251 36249
GOES 16                 
1 41866U 16071A   26272.64606088 -.00000087  00000+0  00000+0 0  9991
2 41866   0.5921  84.0754 0002201 143.7254 268.5177  1.00271134 36153
TIANLIAN 1-04           
1 41869U 16072A   26272.79228188  .00000036  00000+0  00000+0 0  9995
2 41869   1.1311  81.8941 0047094  97.3806 291.3745  1.00275185 36352
WGS F8 (USA 272)        
1 41879U 16075A   26269.86459031 -.00000199  00000+0  00000+0 0  9997
2 41879   0.0151 140.6616 0000224 228.4165  97.6526  1.00269230 35846
FENGYUN 4A              
1 41882U 16077A   26272.87812059 -.00000354  00000+0  00000+0 0  9994
2 41882   2.5803  78.9343 0008574 167.6575 201.2818  1.00271534 35988
ECHOSTAR 19             
1 41893U 16079A   26271.02740000 -.00000134  00000+0  00000+0 0  9996
2 41893   0.0012 178.6382 0001634  10.7368  90.2313  1.00271721 35731
JCSAT-110A (JCSAT-15)   
1 41903U 16082A   26271.62342317  .00000000  00000+0  00000+0 0  9998
2 41903   0.0202 177.1496 0000824  41.4281 123.3256  1.00267913 35797
STAR ONE D1             
1 41904U 16082B   26272.81186861 -.00000208  00000+0  00000+0 0  9992
2 41904   0.0153 137.6163 0002141  47.2248  32.0358  1.00271957 35822
TJS-2                   
1 41911U 17001A   26272.85592207 -.00000003  00000+0  00000+0 0  9994
2 41911   1.0956  83.6471 0002097 161.9555 137.7352  1.00270690 35762
SBIRS GEO-4 (USA 273)   
1 41937U 17004A   26272.75310838 -.00000162  00000+0  00000+0 0  9998
2 41937   2.4472  45.6145 0001980 138.6048  74.2379  1.00271335 35640
HISPASAT 36W-1          
1 41942U 17006A   26271.96612683 -.00000240  00000+0  00000+0 0  9998
2 41942   0.0037 308.3445 0001018 231.1905 140.0338  1.00271512 35286
TELKOM 3S               
1 41944U 17007A   26272.83029748 -.00000359  00000+0  00000+0 0  9993
2 41944   0.0169 195.8167 0002522   7.4078 222.2948  1.00270327 35182
INTELSAT 32E (IS-32E)   
1 41945U 17007B   26272.74877501 -.00000266  00000+0  00000+0 0  9999
2 41945   0.0159 223.4650 0000219 305.4341  66.0192  1.00269968 35276
ECHOSTAR 23             
1 42070U 17014A   26272.64398794  .00000000  00000+0  00000+0 0  9993
2 42070   0.0179 183.8713 0002103   7.9547 298.5165  1.00270759 34971
WGS F9 (USA 275)        
1 42075U 17016A   26271.89960086  .00000000  00000+0  00000+0 0  9995
2 42075   0.0227 207.6113 0000384  15.7420  96.1741  1.00269457 34936
SES-10                  
1 42432U 17017A   26272.81533530 -.00000269  00000+0  00000+0 0  9994
2 42432   0.0066 118.7594 0002643  81.5762  34.8820  1.00269155 34807
CHINASAT 16 (SJ-13)     
1 42662U 17018A   26272.86916416 -.00000349  00000+0  00000+0 0  9992
2 42662   0.0869  87.5151 0007454 143.6546 200.9217  1.00273270 34797
KOREASAT 7              
1 42691U 17023A   26272.82888441 -.00000359  00000+0  00000+0 0  9993
2 42691   0.0086 327.3288 0001016 244.2137 211.3562  1.00270962 34411
SGDC                    
1 42692U 17023B   26271.18854618 -.00000245  00000+0  00000+0 0  9995
2 42692   0.0172  96.6182 0002482 102.0291 161.3722  1.00272443 34437
GSAT-9                  
1 42695U 17024A   26272.86466345 -.00000284  00000+0  00000+0 0  9994
2 42695   0.0630  89.4439 0002680  92.1726 235.6627  1.00271846 34341
INMARSAT 5-F4           
1 42698U 17025A   26271.91320757  .00000000  00000+0  00000+0 0  9994
2 42698   0.0181 182.1260 0000694  42.6416 168.1706  1.00271609 34319
SES-15                  
1 42709U 17026A   26271.56288182  .00000065  00000+0  00000+0 0  9995
2 42709   0.0423 336.1653 0000510 227.1171 237.5514  1.00268989  8465
QZS-2 (MICHIBIKI-2)     
1 42738U 17028A   26269.76830115 -.00000163  00000+0  00000+0 0  9997
2 42738  39.2816 241.6589 0748568 270.6116 270.7346  1.00257610  8640
VIASAT-2                
1 42740U 17029A   26272.10193406 -.00000261  00000+0  00000+0 0  9997
2 42740   0.0185 246.5264 0001021 278.4767 169.6420  1.00270839 34237
EUTELSAT 172B           
1 42741U 17029B   26271.58700090 -.00000001  00000+0  00000+0 0  9994
2 42741   0.0224 147.6807 0000050 146.5806  96.4514  1.00271407 34789
GSAT-19                 
1 42747U 17031A   26272.76680176  .00000128  00000+0  00000+0 0  9995
2 42747   0.0656  88.1475 0002826  49.7037 194.5931  1.00272272 34196
ECHOSTAR 21             
1 42749U 17032A   26272.61677300  .00000070  00000+0  00000+0 0  9993
2 42749   1.7866   2.3440 0002745 200.6385  37.7277  1.00272085 34141
BULGARIASAT-1           
1 42801U 17038A   26272.61512632  .00000015  00000+0  00000+0 0  9993
2 42801   0.0367  99.7808 0002639  90.8549  41.1022  1.00272263 33895
HELLAS-SAT 3            
1 42814U 17040A   26272.69373332  .00000156  00000+0  00000+0 0  9996
2 42814   0.0585  23.6848 0000742  92.1398 181.4134  1.00273962 33856
GSAT-17                 
1 42815U 17040B   26271.92197624 -.00000253  00000+0  00000+0 0  9999
2 42815   0.0433  90.8992 0005084 158.2867 183.9270  1.00270841 33822
INTELSAT 35E (IS-35E)   
1 42818U 17041A   26272.67917328  .00000000  00000+0  00000+0 0  9996
2 42818   0.0172 169.4783 0002189  25.9932  22.9650  1.00269875 33865
COSMOS 2520             
1 42907U 17046A   26272.76619508  .00000140  00000+0  00000+0 0  9994
2 42907   0.0261 127.5487 0000205 174.4244  27.4056  1.00272525 33442
TDRS 13                 
1 42915U 17047A   26272.75510170 -.00000095  00000+0  00000+0 0  9998
2 42915   3.4907   5.2129 0012812 125.3568 138.3908  1.00271183 33392
QZS-3 (MICHIBIKI-3)     
1 42917U 17048A   26271.89023417 -.00000344  00000+0  00000+0 0  9995
2 42917   0.0745 130.8792 0001576  53.0778 271.1652  1.00265903 33297
AMAZONAS 5              
1 42934U 17053A   26271.47059937 -.00000278  00000+0  00000+0 0  9996
2 42934   0.0478 321.8329 0002780 263.8430 250.0111  1.00270754 33084
ASIASAT 9               
1 42942U 17057A   26272.90530926 -.00000357  00000+0  00000+0 0  9998
2 42942   0.0051 170.5857 0002656  17.8926 268.2154  1.00272317 32921
INTELSAT 37E (IS-37E)   
1 42950U 17059A   26272.75371505  .00000000  00000+0  00000+0 0  9992
2 42950   0.0182 187.4220 0002881   8.8466  65.5866  1.00270810 33111
BSAT-4A                 
1 42951U 17059B   26272.86916411 -.00000347  00000+0  00000+0 0  9991
2 42951   0.0578  33.0540 0000930  76.6225 321.7049  1.00271832 32845
QZS-4 (MICHIBIKI-4)     
1 42965U 17062A   26272.54442544 -.00000291  00000+0  00000+0 0  9994
2 42965  40.0392 342.1527 0750094 269.9642  92.6859  1.00269574 32854
SES-11 (ECHOSTAR 105)   
1 42967U 17063A   26272.64606147 -.00000086  00000+0  00000+0 0  9991
2 42967   0.0449 288.3978 0003026 254.0578 313.6101  1.00271518 32773
KOREASAT 5A             
1 42984U 17067A   26272.87074574 -.00000355  00000+0  00000+0 0  9991
2 42984   0.0127 259.8972 0001321 330.5466 204.8377  1.00271115 32571
ALCOMSAT 1              
1 43039U 17078A   26272.68116661 -.00000183  00000+0  00000+0 0  9997
2 43039   0.0548 308.3863 0001959 245.7210  34.7717  1.00269255 32345
SBIRS GEO-3 (USA 282)   
1 43162U 18009A   26272.65447316  .00000132  00000+0  00000+0 0  9993
2 43162   2.2721  16.7004 0002083 181.8711 246.0796  1.00271624 31898
AL YAH 3                
1 43174U 18012A   26272.75336838 -.00000151  00000+0  00000+0 0  9999
2 43174   1.8144  81.6669 0003651 111.1864  66.8078  1.00271925 31895
SES-14                  
1 43175U 18012B   26272.32025713 -.00000274  00000+0  00000+0 0  9996
2 43175   0.0275  60.7436 0001131 126.8772 248.2858  1.00270632  8063
GOES 17                 
1 43226U 18022A   26272.81091529 -.00000179  00000+0  00000+0 0  9990
2 43226   1.1993  83.9111 0001334 151.1708 335.9426  1.00270276 31471
HISPASAT 30W-6          
1 43228U 18023A   26271.89604750 -.00000211  00000+0  00000+0 0  9993
2 43228   0.0518  29.2169 0002869 132.8277 138.2261  1.00270959 31447
SUPERBIRD-B3            
1 43271U 18033A   26272.76216965 -.00000089  00000+0  00000+0 0  9999
2 43271   0.0190 145.2707 0001116  60.8651 238.8021  1.00271794 31100
HYLAS 4                 
1 43272U 18033B   26271.68150059 -.00000229  00000+0  00000+0 0  9997
2 43272   0.0874 270.1251 0001059 289.6160  19.5838  1.00270358 31109
IRNSS-1I                
1 43286U 18035A   26259.08269186  .00000081  00000+0  00000+0 0  9991
2 43286  28.9650  72.7792 0020697 177.9945 189.1474  1.00272519 30997
USA 283                 
1 43339U 18036A   26272.42746426  .00000000  00000+0  00000+0 0  9992
2 43339   0.0163 203.0759 0000091  72.9988  20.0874  1.00270528 26333
COSMOS 2526             
1 43432U 18037A   26272.49757792 -.00000341  00000+0  00000+0 0  9991
2 43432   0.0223 119.4442 0000552 154.7151  41.3248  1.00269049 31003
APSTAR-6C               
1 43450U 18041A   26272.88598800 -.00000314  00000+0  00000+0 0  9992
2 43450   0.0481 355.2246 0002231 244.5578 221.8625  1.00272110 30868
BANGABANDHUSAT-1        
1 43463U 18044A   26271.49793981 -.00000357  00000+0  00000+0 0  9999
2 43463   0.0251 114.6020 0002656  85.0427 106.0167  1.00271136 30745
SES-12                  
1 43488U 18049A   26272.64956031 -.00000266  00000+0  00000+0 0  9995
2 43488   0.0373  44.5620 0002289 197.9028  94.8095  1.00270320 30463
FENGYUN 2H              
1 43491U 18050A   26272.85845652 -.00000125  00000+0  00000+0 0  9994
2 43491   3.2920  77.7457 0002959 151.6840 167.5573  1.00270776 30485
BEIDOU-2 IGSO-7         
1 43539U 18057A   26271.48757381 -.00000087  00000+0  00000+0 0  9990
2 43539  55.2111 162.1760 0107737 236.3604 256.8668  1.00272479 30166
TELSTAR 19V             
1 43562U 18059A   26272.81611530 -.00000277  00000+0  00000+0 0  9992
2 43562   0.0134 202.3968 0002284   2.8176  34.1887  1.00278388 30191
TELKOM 4 (MERAH PUTIH)  
1 43587U 18064A   26272.86736660 -.00000341  00000+0  00000+0 0  9994
2 43587   0.0150 196.6851 0001695  24.5684 207.6509  1.00270385 29928
TELSTAR 18V             
1 43611U 18069A   26271.52729478 -.00000289  00000+0  00000+0 0  9999
2 43611   0.0254 256.6285 0002034 293.0052 145.5276  1.00271565 29673
AZERSPACE 2 (IS-38)     
1 43632U 18074A   26272.69494667  .00000140  00000+0  00000+0 0  9991
2 43632   0.0167 146.8525 0001391  57.5511  99.3707  1.00270566 29499
HORIZONS-3E             
1 43633U 18074B   26271.43222866 -.00000025  00000+0  00000+0 0  9996
2 43633   0.0148 188.2564 0000855  12.3263 131.2692  1.00271262 29379
AEHF-4 (USA 288)        
1 43651U 18079A   26272.53016472 -.00000272  00000+0  00000+0 0  9991
2 43651   1.4236 359.2979 0068439 358.4836 133.8825  1.00272893 29348
BEIDOU-3 G1             
1 43683U 18085A   26272.82546281 -.00000104  00000+0  00000+0 0  9995
2 43683   2.6511  94.4167 0005420  26.8558 344.5655  1.00271266 29117
GSAT-29                 
1 43698U 18089A   26272.80851285  .00000000  00000+0  00000+0 0  9990
2 43698   0.0166 197.0233 0002513   7.4634 150.1634  1.00270519 28831
ES'HAIL 2               
1 43700U 18090A   26272.26349023  .00000148  00000+0  00000+0 0  9991
2 43700   0.0194 245.5293 0001175 315.3679 287.7985  1.00271123 28720
GEO-KOMPSAT-2A          
1 43823U 18100A   26271.92742097 -.00000339  00000+0  00000+0 0  9992
2 43823   0.0465  27.8482 0001464 101.2922 340.7215  1.00271625 28679
GSAT-11                 
1 43824U 18100B   26271.97475388 -.00000072  00000+0  00000+0 0  9998
2 43824   0.0411 265.6168 0005862 219.3422 307.7129  1.00271537 28518
GSAT-7A                 
1 43864U 18105A   26272.85581475  .00000030  00000+0  00000+0 0  9993
2 43864   0.0668  85.7212 0002453 113.4612 180.3110  1.00270963 28499
COSMOS 2533             
1 43867U 18107A   26272.85801103 -.00000037  00000+0  00000+0 0  9999
2 43867   0.0208 117.5327 0000234  72.9545 197.0572  1.00276085 28490
TJS-3                   
1 43874U 18110A   26270.79956343  .00000027  00000+0  00000+0 0  9997
2 43874   2.8012  79.1429 0003541  29.5376   1.2866  1.00267841 28459
ZHONGXING-2D            
1 43920U 19001A   26272.88575775 -.00000334  00000+0  00000+0 0  9999
2 43920   0.0493  33.7986 0001782 260.6031 163.1674  1.00271373 55134
HELLAS-SAT 4 & SGS-1    
1 44034U 19007A   26272.62249301  .00000156  00000+0  00000+0 0  9998
2 44034   0.0647 130.2896 0005987  29.7063 111.5188  1.00268887 28420
GSAT-31                 
1 44035U 19007B   26269.96340878  .00000129  00000+0  00000+0 0  9993
2 44035   0.0318  92.1064 0004752 140.4846 167.9246  1.00272742 27983
NUSANTARA SATU          
1 44048U 19009A   26272.84831853 -.00000231  00000+0  00000+0 0  9993
2 44048   0.0237 150.3138 0004342   8.0407 301.6780  1.00270427 27813
ZHONGXING-6C            
1 44067U 19012A   26272.90530926 -.00000333  00000+0  00000+0 0  9995
2 44067   0.0471  11.5855 0013053  51.6321  41.7914  1.00268206 27796
WGS 10 (USA 291)        
1 44071U 19014A   26272.71250899  .00000050  00000+0  00000+0 0  9994
2 44071   0.0099 203.9387 0000337  56.7523  64.6106  1.00271782 27661
TIANLIAN 2-01           
1 44076U 19017A   26271.48953311 -.00000101  00000+0  00000+0 0  9992
2 44076   0.7987  82.3262 0003682 135.1962  43.0092  1.00271268 27681
ARABSAT-6A              
1 44186U 19021A   26270.69628124  .00000000  00000+0  00000+0 0  9999
2 44186   0.0186 348.3483 0006293 269.0628  30.2591  1.00273552 27189
BEIDOU-3 IGSO-1         
1 44204U 19023A   26271.65228929 -.00000211  00000+0  00000+0 0  9993
2 44204  58.8427  36.5943 0028021 223.8957  99.8991  1.00261219  8240
BEIDOU-2 G8             
1 44231U 19027A   26272.74762418 -.00000242  00000+0  00000+0 0  9998
2 44231   1.9156  74.2216 0008787 277.0167  70.9085  1.00276253 27127
YAMAL 601               
1 44307U 19031A   26272.76706176  .00000123  00000+0  00000+0 0  9995
2 44307   0.0195 163.7990 0002462  29.8082 140.0848  1.00271821 26974
AT&T T-16               
1 44333U 19034A   26272.60084862 -.00000111  00000+0  00000+0 0  9999
2 44333   0.0150 115.0791 0000198 354.5615  14.1932  1.00269757 26685
EUTELSAT 7C             
1 44334U 19034B   26272.61616632  .00000052  00000+0  00000+0 0  9990
2 44334   0.0669 183.2992 0003269 353.4823  60.4362  1.00270497  7887
BEIDOU-3 IGSO-2         
1 44337U 19035A   26272.50692397 -.00000107  00000+0  00000+0 0  9996
2 44337  55.2492 157.9464 0038557 210.4122 302.0147  1.00267980 26712
COSMOS 2539             
1 44457U 19048A   26270.85322519  .00000086  00000+0  00000+0 0  9990
2 44457   0.0169 133.8517 0000170 112.8500  79.1186  1.00271683 26250
EDRS-C                  
1 44475U 19049A   26272.17197608 -.00000258  00000+0  00000+0 0  9999
2 44475   0.0122 199.3917 0001267 358.3260  14.6541  1.00270560 26250
INTELSAT 39 (IS-39)     
1 44476U 19049B   26272.69832668  .00000037  00000+0  00000+0 0  9993
2 44476   0.0138 240.1651 0000675 233.6444 208.0174  1.00270653 26174
AMOS-17                 
1 44479U 19050A   26272.61815968  .00000113  00000+0  00000+0 0  9999
2 44479   0.0401 322.3468 0002002 231.5002  54.1026  1.00274129 26237
AEHF-5 (USA 292)        
1 44481U 19051A   26272.86403340 -.00000254  00000+0  00000+0 0  9994
2 44481   1.3860 344.9064 0029063   9.1916  58.6041  1.00267504 26318
EUTELSAT 5 WEST B       
1 44624U 19067A   26272.75631506 -.00000039  00000+0  00000+0 0  9996
2 44624   0.0650 355.7239 0003249 196.3860  83.7009  1.00271461 25475
MEV-1                   
1 44625U 19067B   26271.79498823  .00000084  00000+0  00000+0 0  9992
2 44625   0.7745 267.6611 0004331 345.9109 106.4090  0.99718111   475
TJS-4                   
1 44637U 19070A   26272.86122212 -.00000167  00000+0  00000+0 0  9997
2 44637   0.0942 285.3345 0004538  24.0519  92.7841  1.00272223 25582
BEIDOU-3 IGSO-3         
1 44709U 19073A   26272.42557234 -.00000168  00000+0  00000+0 0  9999
2 44709  54.6268 279.7604 0046584 198.5138 161.3175  1.00258348 25501
TIBA-1                  
1 44800U 19080A   26272.69312667  .00000159  00000+0  00000+0 0  9996
2 44800   0.0619 358.1472 0002567 200.3688  95.0141  1.00275421 25099
INMARSAT GX5            
1 44801U 19080B   26272.75952174  .00000078  00000+0  00000+0 0  9997
2 44801   0.0484   8.0345 0002073 204.8005  80.1316  1.00270823  7836
JCSAT-18 (KACIFIC 1)    
1 44868U 19091A   26272.85132992 -.00000198  00000+0  00000+0 0  9995
2 44868   0.0483 344.9599 0000510 265.2216 214.9356  1.00270430 25060
ELEKTRO-L 3             
1 44903U 19095A   26272.61945968  .00000018  00000+0  00000+0 0  9998
2 44903   0.2127  78.1793 0002737  90.0566  87.0628  0.99409926 24751
SHIJIAN-20 (SJ-20)      
1 44910U 19097A   26272.55148483  .00000154  00000+0  00000+0 0  9999
2 44910   5.1799  73.7154 0003308 168.5682   4.8149  1.00269312 24745
TJS-5                   
1 44978U 20002A   26272.86736661 -.00000339  00000+0  00000+0 0  9992
2 44978   0.2558  82.7566 0006821 354.7365 350.9264  1.00271144 24755
GSAT-30                 
1 45026U 20005A   26272.86122220 -.00000162  00000+0  00000+0 0  9994
2 45026   0.0547  88.2430 0001616  74.9101 238.5141  1.00270864 24554
EUTELSAT KONNECT        
1 45027U 20005B   26272.68749330  .00000053  00000+0  00000+0 0  9990
2 45027   0.0660  96.8544 0001821 136.0835  30.2552  1.00268924 25383
JCSAT-17                
1 45245U 20013A   26272.83980808 -.00000314  00000+0  00000+0 0  9996
2 45245   5.3996 357.8313 0004588 193.5757 255.5205  1.00270277 24282
GEO-KOMPSAT-2B          
1 45246U 20013B   26272.85394100 -.00000341  00000+0  00000+0 0  9993
2 45246   0.0446 340.7065 0001882 252.6175 210.9929  1.00271539 24320
BEIDOU-3 G2             
1 45344U 20017A   26272.86089929 -.00000136  00000+0  00000+0 0  9999
2 45344   2.6160  48.6356 0002470 146.5436 203.4323  1.00270816 24302
AEHF-6 (USA 298)        
1 45465U 20022B   26272.84228169 -.00000297  00000+0  00000+0 0  9996
2 45465   2.3346 302.7529 0043385   9.1908 137.6149  1.00274738 24067
BEIDOU-3 G3             
1 45807U 20040A   26272.86916409 -.00000350  00000+0  00000+0 0  9999
2 45807   2.6979  67.3621 0002951 279.4823  85.2761  1.00270834 23128
APSTAR-6D               
1 45863U 20045A   26272.88598800 -.00000315  00000+0  00000+0 0  9990
2 45863   0.0471 100.7724 0001645 337.6406  23.2219  1.00268996 22910
KOREASAT 116            
1 45920U 20048A   26272.82888441 -.00000359  00000+0  00000+0 0  9992
2 45920   0.0140 247.3392 0001208 312.7060 223.1818  1.00272971 22689
EXPRESS 103             
1 45985U 20053A   26272.86424892 -.00000278  00000+0  00000+0 0  9999
2 45985   0.0355 255.9415 0000679 186.9820 333.3638  1.00272867 22694
EXPRESS 80              
1 45986U 20053B   26263.15064726 -.00000146  00000+0  00000+0 0  9992
2 45986   0.0271 170.2364 0064633  63.5597 259.7327  1.00286177 22599
BSAT-4B                 
1 46112U 20056A   26272.86916411 -.00000347  00000+0  00000+0 0  9995
2 46112   0.0391 121.9207 0003922  41.3534 268.1043  1.00272363 22436
MEV-2                   
1 46113U 20056B   26272.18377992 -.00000006  00000+0  00000+0 0  9998
2 46113   0.0212 246.1526 0000407  17.4120 169.5706  1.00272014 81644
GALAXY 30 (G-30)        
1 46114U 20056C   26272.66131985  .00000000  00000+0  00000+0 0  9995
2 46114   0.0168 170.6771 0002491  29.6689 281.1467  1.00270711 22347
GAOFEN-13 01            
1 46610U 20071A   26272.83029749 -.00000359  00000+0  00000+0 0  9994
2 46610   0.1688  80.3753 0059355 122.1597 223.3632  1.00266103 21960
TIANTONG-1 2            
1 46916U 20082A   26272.88004184 -.00000353  00000+0  00000+0 0  9990
2 46916   0.7011 344.9530 0001317 259.3887 206.0826  1.00271922 21707
LUCAS (JDRS-1)          
1 47202U 20089A   26272.86371095 -.00000233  00000+0  00000+0 0  9999
2 47202   0.0178 248.9407 0002605 320.3973 201.0201  1.00272674 21465
SXM-7                   
1 47240U 20096A   26271.46109345 -.00000200  00000+0  00000+0 0  9995
2 47240   0.0158 144.7203 0004537 343.7341 319.6539  1.00271474  8479
CMS-01                  
1 47256U 20099A   26272.86122220 -.00000162  00000+0  00000+0 0  9994
2 47256   0.0821  87.1836 0005850 167.3688 147.1266  1.00272071 21243
TURKSAT 5A              
1 47306U 21001A   26272.76342175  .00000157  00000+0  00000+0 0  9999
2 47306   0.0166 109.7232 0000203 143.9863  60.5920  1.00271254 21016
TIANTONG-1 3            
1 47321U 21003A   26272.86089932 -.00000153  00000+0  00000+0 0  9995
2 47321   1.6971 346.0013 0003663 219.2874 194.8096  1.00271517 21016
TJS-6                   
1 47613U 21010A   26272.63989353  .00000047  00000+0  00000+0 0  9999
2 47613   0.0151 167.3696 0003793  23.5731 226.3857  1.00274669 20854
SBIRS GEO-5 (USA 315)   
1 48618U 21042A   26272.70634977 -.00000267  00000+0  00000+0 0  9992
2 48618   4.9819 329.9477 0002121 230.4078 156.2095  1.00271412 19827
FENGYUN 4B              
1 48808U 21047A   26272.86636794 -.00000327  00000+0  00000+0 0  9991
2 48808   0.4107  80.9787 0008167 278.2353  66.0279  1.00271133 19618
SXM-8                   
1 48838U 21049A   26270.39826684 -.00000201  00000+0  00000+0 0  9992
2 48838   0.0415  36.3528 0005524 359.5558  28.5368  1.00271856 19604
TIANLIAN 1-05           
1 49011U 21063A   26272.61807301  .00000112  00000+0  00000+0 0  9994
2 49011   1.8555  79.5994 0004303 150.9210  17.2145  1.00270325 19125
STAR ONE D2             
1 49055U 21069A   26272.81472862 -.00000262  00000+0  00000+0 0  9997
2 49055   0.0054 179.7098 0002687   1.8109  50.3778  1.00271207 19007
EUTELSAT QUANTUM        
1 49056U 21069B   26272.76680176  .00000129  00000+0  00000+0 0  9992
2 49056   0.0106  15.6238 0002427 186.4989 130.1837  1.00272414 18977
ZHONGXING-2E            
1 49062U 21071A   26272.56292486 -.00000287  00000+0  00000+0 0  9999
2 49062   0.0543 308.7502 0001434 285.0165  75.2681  1.00269206 19082
TJS-7                   
1 49115U 21077A   26272.60084872 -.00000121  00000+0  00000+0 0  9994
2 49115   0.0963 258.0667 0001666  87.6775 139.5049  1.00272351 10590
CHINASAT 9B             
1 49125U 21080A   26272.86506243 -.00000310  00000+0  00000+0 0  9998
2 49125   0.0114 195.5893 0003417   6.9107 218.9843  1.00272095 18692
SHIJIAN-21 (SJ-21)      
1 49330U 21094A   26272.73859344 -.00000342  00000+0  00000+0 0  9995
2 49330   5.3557  60.4635 0054316 173.5030 168.2828  1.00277373  6403
SES-17                  
1 49332U 21095A   26272.81533530 -.00000269  00000+0  00000+0 0  9991
2 49332   0.0391  29.6411 0001128 165.4522  39.9268  1.00269073 18909
SYRACUSE 4A             
1 49333U 21095B   26272.14905911  .00000139  00000+0  00000+0 0  9999
2 49333   0.0193 226.5659 0001527 311.4797 289.0629  1.00270978 18996
QZS-1R (MICHIBIKI-1R)   
1 49336U 21096A   26272.83991546 -.00000206  00000+0  00000+0 0  9994
2 49336  37.6790  78.0379 0744841 270.1329  97.5698  1.00281811 18066
ZHONGXING-1D            
1 49505U 21114A   26272.88575774 -.00000333  00000+0  00000+0 0  9990
2 49505   0.0586 347.9966 0001788 273.5481 196.1812  1.00271113 17879
STPSAT-6                
1 49817U 21118A   26272.64329420 -.00000040  00000+0  00000+0 0  9994
2 49817   0.5835  83.9202 0001425 196.5242 207.6346  1.00272188 17620
EXPRESS AMU-7           
1 50001U 21123A   26272.85728215 -.00000239  00000+0  00000+0 0  9995
2 50001   0.0286 254.8323 0000228 252.9371 314.4944  1.00272606 17586
EXPRESS AMU-3           
1 50002U 21123B   26272.69046177 -.00000318  00000+0  00000+0 0  9996
2 50002   0.0289 250.4779 0000441 170.2982 299.2570  1.00270926  8076
TIANLIAN 2-02           
1 50005U 21124A   26271.32210442 -.00000008  00000+0  00000+0 0  9993
2 50005   1.0602  84.3096 0004235 156.7383  53.0093  1.00271980 17655
TURKSAT 5B              
1 50212U 21126A   26271.26859435  .00000151  00000+0  00000+0 0  9997
2 50212   0.0789 334.6310 0002274 318.0319 213.0991  1.00272069 17332
INMARSAT 6-F1           
1 50319U 21128A   26272.86122205  .00000000  00000+0  00000+0 0  9995
2 50319   0.0159 177.4983 0000255  80.3308 144.5852  1.00267238 17307
SHIYAN-12 01 (SY-12 01) 
1 50321U 21129A   26270.48654698  .00000087  00000+0  00000+0 0  9996
2 50321   3.9306  78.4552 0002255 174.8617 338.9672  1.00481924 17525
SHIYAN-12 02 (SY-12 02) 
1 50322U 21129B   26270.82575322 -.00000065  00000+0  00000+0 0  9998
2 50322   3.9297  78.4424 0004163 104.4728 281.2726  1.00440300 17539
TJS-9                   
1 50574U 21135A   26272.84440089 -.00000296  00000+0  00000+0 0  9995
2 50574   0.0509  95.0731 0005474 235.9806 118.7748  1.00269877 17470
GOES 18                 
1 51850U 22021A   26272.08867402  .00000101  00000+0  00000+0 0  9990
2 51850   0.0068 336.1876 0000585 278.5676   8.0481  1.00270919  7634
ZHONGXING-6D            
1 52255U 22038A   26272.62923858 -.00000350  00000+0  00000+0 0  9993
2 52255   0.0452 245.0598 0002803 341.4297 133.5160  1.00270656 16461
NILESAT 301             
1 52817U 22061A   26271.90055419 -.00000054  00000+0  00000+0 0  9993
2 52817   0.0627  13.9501 0001416 185.9203 124.9645  1.00271054 15770
CMS-02 (GSAT-24)        
1 52903U 22067A   26271.60580106 -.00000160  00000+0  00000+0 0  9996
2 52903   0.0225 108.6073 0002829 152.0657  47.8004  1.00271385 15648
MEASAT 3D               
1 52904U 22067B   26271.96919876 -.00000237  00000+0  00000+0 0  9991
2 52904   0.0459   9.7501 0002410 239.6286 198.8098  1.00271424 15689
SES-22                  
1 52933U 22071A   26272.72978683  .00000000  00000+0  00000+0 0  9991
2 52933   0.0139 191.2781 0001155  16.5713 284.3816  1.00274024  8573
WFOV (USA 332)          
1 52940U 22073A   26272.83183323 -.00000357  00000+0  00000+0 0  9998
2 52940   3.9721  77.1206 0002908 168.5506 181.7006  1.00269346 15412
TIANLIAN 2-03           
1 53100U 22078A   26272.61685965  .00000076  00000+0  00000+0 0  9994
2 53100   0.9324  77.8032 0001845 155.3741   7.8426  1.00272314 15597
SBIRS GEO-6 (USA 336)   
1 53355U 22092A   26272.84424741 -.00000291  00000+0  00000+0 0  9990
2 53355   3.0940 319.3733 0002014 234.9278 257.2477  1.00271165 15283
EUTELSAT KONNECT VHTS   
1 53765U 22110A   26272.18377992  .00000021  00000+0  00000+0 0  9998
2 53765   0.0561 102.6183 0002524  65.4697 268.7563  1.00268012  7870
ZHONGXING-1E            
1 53813U 22112A   26272.86089949 -.00000147  00000+0  00000+0 0  9991
2 53813   0.0450   0.2315 0003668 265.7164 134.0451  1.00270863 14893
SES-20                  
1 53960U 22123A   26272.09543404 -.00000097  00000+0  00000+0 0  9996
2 53960   0.0388  79.1975 0001545  41.5580 178.3967  1.00273182 14572
SES-21                  
1 53961U 22123B   26272.01864705  .00000074  00000+0  00000+0 0  9993
2 53961   0.0365  64.2940 0001026 113.6796  65.5414  1.00271152  8256
GALAXY 33 (G-33)        
1 54026U 22128A   26272.65967317  .00000082  00000+0  00000+0 0  9993
2 54026   0.0271 271.0196 0001954 279.4711 282.4389  1.00271420 14799
GALAXY 34 (G-34)        
1 54027U 22128B   26272.66053985  .00000062  00000+0  00000+0 0  9990
2 54027   0.0177 236.0992 0001479 308.3070 292.8298  1.00272613 14960
ANGOSAT 2               
1 54033U 22131A   26272.83318869  .00000000  00000+0  00000+0 0  9997
2 54033   0.0178 177.3383 0000549  47.4496 106.7378  1.00272652 14526
EUTELSAT HOTBIRD 13F    
1 54048U 22134A   26272.61729301  .00000091  00000+0  00000+0 0  9999
2 54048   0.0634 285.0176 0001913  70.6829 247.9212  1.00271938 14420
LDPE-2                  
1 54219U 22144A   26272.18696323 -.00000173  00000+0  00000+0 0  9991
2 54219   5.8465  62.6551 0000605 223.8645 148.1565  0.98891051 12887
EUTELSAT HOTBIRD 13G    
1 54225U 22146A   26272.61737968  .00000091  00000+0  00000+0 0  9997
2 54225   0.0512 237.3809 0002124 304.2041  62.0703  1.00271814  8519
ZHONGXING-19            
1 54230U 22148A   26272.78959520 -.00000078  00000+0  00000+0 0  9999
2 54230   0.0414 257.0704 0005102 295.2086 263.7139  1.00271368 14420
GALAXY 31 (G-31)        
1 54243U 22153A   26272.66209985  .00000016  00000+0  00000+0 0  9990
2 54243   0.0184 234.4652 0001417 326.8316 284.5119  1.00273022  8185
GALAXY 32 (G-32)        
1 54244U 22153B   26272.59663836  .00000000  00000+0  00000+0 0  9995
2 54244   0.0121 216.2711 0000694  54.6970 221.1757  1.00269447 14198
EUTELSAT 10B            
1 54259U 22157A   26272.61677300  .00000072  00000+0  00000+0 0  9998
2 54259   0.0577  98.8048 0001161   5.5235 136.1380  1.00272793 14077
GALAXY 35 (G-35)        
1 54741U 22170A   26272.52048078 -.00000158  00000+0  00000+0 0  9999
2 54741   0.0154 131.1562 0002101  61.0876 270.3308  1.00270876 13945
GALAXY 36 (G-36)        
1 54742U 22170B   26272.59715837 -.00000182  00000+0  00000+0 0  9998
2 54742   0.0139 178.8423 0001637 324.7011 350.8180  1.00270934 13831
METEOSAT-12 (MTG-I1)    
1 54743U 22170C   26272.61469300 -.00000004  00000+0  00000+0 0  9996
2 54743   0.7483  21.5157 0003249  97.1590 110.5986  1.00273863 14024
SHIJIAN-23 (SJ-23)      
1 55131U 23002A   26270.63240762  .00000037  00000+0  00000+0 0  9997
2 55131   3.9732  76.9566 0003250 223.6246   1.2309  1.00024636 13534
APSTAR-6E               
1 55239U 23005A   26272.88598799 -.00000314  00000+0  00000+0 0  9993
2 55239   0.0245 231.2055 0004399 344.4928 245.9417  1.00270962 19744
USA 342                 
1 55263U 23008A   26272.19181660  .00000143  00000+0  00000+0 0  9991
2 55263   0.0113 237.6551 0000132  26.2045 196.9971  1.00272856 13560
ELEKTRO-L 4             
1 55506U 23016A   26272.51660818 -.00000055  00000+0  00000+0 0  9996
2 55506   0.0859  64.7996 0002221 133.7402 161.4810  1.00271151 13387
AMAZONAS NEXUS          
1 55508U 23017A   26270.25885032 -.00000278  00000+0  00000+0 0  9992
2 55508   0.0562  25.4890 0002506 121.2418 251.5415  1.00273342  8067
ZHONGXING-26            
1 55686U 23023A   26272.88004198 -.00000351  00000+0  00000+0 0  9995
2 55686   0.0582  63.1384 0001747  77.5588 309.8512  1.00268011 13271
LUCH-5X (OLYMP-K 2)     
1 55841U 23031A   26270.20359066  .00000037  00000+0  00000+0 0  9998
2 55841   0.0181 117.8305 0000722  54.8218 328.6394  1.00277415 12969
GAOFEN-13 02            
1 55912U 23036A   26272.85066916 -.00000215  00000+0  00000+0 0  9993
2 55912   1.0180  13.9996 0003712 296.1187 152.9847  1.00272669 13146
SES-18                  
1 55970U 23038A   26270.50565387 -.00000096  00000+0  00000+0 0  9992
2 55970   0.0358 270.0062 0002813 321.0230 214.2353  1.00272018 13124
SES-19                  
1 55971U 23038B   26270.66352110  .00000092  00000+0  00000+0 0  9993
2 55971   0.0424 277.0287 0001767 269.7184 283.7210  1.00273390 13125
INTELSAT 40E (IS-40E)   
1 56174U 23052A   26272.59663836 -.00000171  00000+0  00000+0 0  9998
2 56174   0.0110 192.6281 0002784   3.4425 296.1075  1.00271135 12873
VIASAT-3 F1             
1 56370U 23060A   26271.49704747 -.00000180  00000+0  00000+0 0  9990
2 56370   0.0200 229.4215 0000346 303.2789 284.5873  1.00268638 12469
ARCTURUS                
1 56371U 23060B   26272.83183316 -.00000358  00000+0  00000+0 0  9990
2 56371   3.0374  78.5744 0001112 199.8749 149.3655  1.00269514 12507
GS-1                    
1 56372U 23060C   26272.86311169 -.00000176  00000+0  00000+0 0  9991
2 56372   2.9888  78.4960 0003052 265.6819  60.3031  1.00247620  8587
BEIDOU-3 G4             
1 56564U 23066A   26272.85632881 -.00000277  00000+0  00000+0 0  9998
2 56564   0.4437   2.0715 0005802 208.9908 245.8809  1.00274416 12444
ARABSAT-7B (BADR-8)     
1 56757U 23075A   26270.98051314  .00000150  00000+0  00000+0 0  9999
2 56757   0.0777  23.4972 0001391 337.1109  25.1697  1.00271242 12145
NVS-01 (IRNSS-1J)       
1 56759U 23076A   26272.83767241 -.00000335  00000+0  00000+0 0  9997
2 56759   1.9276 239.4693 0006539   4.2605 195.9751  1.00268048 12161
NUSANTARA TIGA (SATRIA) 
1 57045U 23086A   26271.19280620  .00000000  00000+0  00000+0 0  9994
2 57045   0.0182   2.0266 0003172 284.9088 295.4471  1.00268738 10796
H2SAT (HEINRICH HERTZ)  
1 57213U 23093A   26269.98202093  .00000007  00000+0  00000+0 0  9998
2 57213   0.0454  41.1714 0000107 247.6200  71.2339  1.00272623 11932
SYRACUSE 4B             
1 57214U 23093B   26270.99904546  .00000000  00000+0  00000+0 0  9997
2 57214   0.0218 195.1626 0000181  69.3399  95.4955  1.00270344  7994
JUPITER 3 (ECHOSTAR 24) 
1 57479U 23108A   26271.24501887  .00000000  00000+0  00000+0 0  9997
2 57479   0.0210 165.6553 0000977  22.6891 171.6540  1.00268641 11687
GALAXY 37 (G-37)        
1 57493U 23112A   26272.66088653  .00000000  00000+0  00000+0 0  9996
2 57493   0.0181 182.1155 0002306  27.1472 270.0796  1.00272201 11599
LUDI TANCE-4 01A        
1 57624U 23120A   26271.78830477 -.00000185  00000+0  00000+0 0  9997
2 57624  15.0385 191.4259 0004188  50.7514 138.8291  1.00273174 11584
TJS-10                  
1 58204U 23169A   26270.79135625 -.00000242  00000+0  00000+0 0  9992
2 58204   2.8008  79.1535 0004663 137.2809 167.4893  1.00270479 10568
ZHONGXING-6E            
1 58253U 23172A   26272.87454036 -.00000358  00000+0  00000+0 0  9999
2 58253   0.0140 224.1675 0002570 330.1806 244.6564  1.00269358 10705
YAOGAN-41               
1 58582U 23197A   26272.87778243 -.00000362  00000+0  00000+0 0  9995
2 58582   2.9497 314.9684 0013578 214.6716 278.0932  1.00265867 10374
OVZON-3                 
1 58698U 24003A   26272.85569205  .00000054  00000+0  00000+0 0  9991
2 58698   0.0115 190.0427 0000098 316.1510 230.2135  1.00272982  8490
INSAT-3DS               
1 58990U 24033A   26272.81728546 -.00000153  00000+0  00000+0 0  9991
2 58990   0.0180 162.6245 0001527  41.2143 181.0587  1.00270547 48118
MERAH PUTIH 2           
1 58995U 24035A   26272.87074574 -.00000355  00000+0  00000+0 0  9993
2 58995   0.0066 234.4224 0001340 350.4911 210.1657  1.00270365  9636
TJS-11                  
1 59020U 24037A   26272.87053088 -.00000363  00000+0  00000+0 0  9991
2 59020   4.0716 328.4529 0003312 286.2152 179.9131  1.00270213  9639
HULIANWAN GAOGUI-01 (H*)
1 59069U 24040A   26272.16711500  .00000160  00000+0  00000+0 0  9994
2 59069   0.0964 341.2707 0001489  22.9309  97.5331  1.00271689  8371
EUTELSAT 36D            
1 59346U 24059A   26272.76446175  .00000159  00000+0  00000+0 0  9999
2 59346   0.0010 176.3257 0000276 104.6655  38.6261  1.00271291  9191
PAKSAT-MM1              
1 59915U 24104A   26271.48190642  .00000159  00000+0  00000+0 0  9995
2 59915   0.0262 213.7714 0002068 329.5901  35.5922  1.00271191  8568
ASTRA 1P (SES-24)       
1 60086U 24115A   26271.26426100  .00000125  00000+0  00000+0 0  9998
2 60086   0.0619 355.7889 0002911 235.1485 250.4759  1.00272840  8233
GOES 19                 
1 60133U 24119A   26272.52860472 -.00000245  00000+0  00000+0 0  9993
2 60133   0.0432  21.0901 0000746 240.4444 221.8921  1.00271775  8010
ZHONGXING-3A            
1 60179U 24122A   26272.86506242 -.00000310  00000+0  00000+0 0  9999
2 60179   0.0079  81.2384 0003059 138.9851 201.3962  1.00269402  8352
TURKSAT 6A              
1 60233U 24127A   26272.69434000  .00000149  00000+0  00000+0 0  9997
2 60233   0.0191 187.5624 0004861  19.3705  93.4937  1.00274107  8065
HULIANWAN GAOGUI-02 (H*)
1 60327U 24135A   26272.85152987 -.00000171  00000+0  00000+0 0  9995
2 60327   0.0684 353.5192 0004421 350.3221 124.4098  1.00270917  8545
ZHONGXING-4A            
1 60606U 24151A   26272.83029735 -.00000360  00000+0  00000+0 0  9995
2 60606   1.0522 269.9187 0001225  19.0888 136.7397  1.00273233  7808
HULIANWAN GAOGUI-03 (H*)
1 61503U 24181A   26272.43574549 -.00000237  00000+0  00000+0 0  9992
2 61503   0.0759 355.4376 0000361 125.0175 327.4725  1.00266437  7873
DSN-3 (KIRAMEKI-3)      
1 61733U 24198A   26272.78864116 -.00000247  00000+0  00000+0 0  9996
2 61733   0.0194 246.3121 0001204 299.2947 250.9458  1.00271376  6965
KOREASAT 6A             
1 61910U 24206A   26272.04558557 -.00000357  00000+0  00000+0 0  9993
2 61910   0.0099 182.1256 0000932  10.4794 307.6692  1.00271291  6889
OPTUS-X (ADS-01)        
1 62006U 24212A   26272.85343418 -.00000140  00000+0  00000+0 0  9994
2 62006   0.0330 264.4844 0002823 289.2851 278.5134  1.00271301  6814
GSAT-N2 (GSAT-20)       
1 62028U 24214A   26272.76831410 -.00000016  00000+0  00000+0 0  9996
2 62028   0.0436  91.2464 0001073 232.0509  29.8381  1.00269269  6946
SXM-9                   
1 62259U 24234A   26268.89143586  .00000000  00000+0  00000+0 0  9995
2 62259   0.0131 212.3875 0004694  97.4093 290.6679  1.00270737  6589
TJS-12                  
1 62374U 24246A   26272.84831869 -.00000228  00000+0  00000+0 0  9997
2 62374   0.4703 314.7885 0000916 185.2436 320.5159  1.00272414  6618
NUVIEW ALPHA            
1 62455U 24252B   26271.06045596 -.00000210  00000+0  00000+0 0  9992
2 62455   0.0610  20.9949 0000557 234.0511  50.4808  1.00272262  4851
AGILA                   
1 62456U 24252C   26271.60669081 -.00000085  00000+0  00000+0 0  9994
2 62456   0.0381 119.7841 0001293 159.9907 102.3777  1.00525881  6196
NUVIEW BRAVO            
1 62457U 24252D   26272.31323711 -.00000211  00000+0  00000+0 0  9992
2 62457   0.0650 157.5226 0001787  41.6198 198.6294  1.00271142  4839
THURAYA-4               
1 62483U 25001A   26271.24558735  .00000144  00000+0  00000+0 0  9995
2 62483   0.0225 102.3574 0000141 124.9109 272.4837  1.00272417  5213
SHIJIAN-25 (SJ-25)      
1 62485U 25002A   26270.81190831 -.00000342  00000+0  00000+0 0  9990
2 62485   5.3520  60.4522 0047422 180.3499 185.4830  1.00263996  6397
TJS-14                  
1 62804U 25017A   26272.83223537  .00000118  00000+0  00000+0 0  9995
2 62804   0.5670 306.7421 0003913 321.0992  58.7915  1.00274278  6322
SPAINSAT NG I           
1 62852U 25021A   26270.98111979  .00000000  00000+0  00000+0 0  9993
2 62852   0.0169 196.3557 0000279  10.3370 182.2611  1.00272877  5010
QZS-6 (MICHIBIKI-6)     
1 62876U 25023A   26272.86371097 -.00000230  00000+0  00000+0 0  9995
2 62876   0.0214 287.5129 0002184 278.5424 204.0666  1.00270559  5995
ZHONGXING-10R           
1 63075U 25036A   26272.86916413 -.00000349  00000+0  00000+0 0  9999
2 63075   0.0491 243.0953 0005083 305.2895 243.6720  1.00268696  6009
TJS-15                  
1 63157U 25045A   26272.81765417 -.00000213  00000+0  00000+0 0  9991
2 63157   0.4714  84.4192 0000959 187.6825 119.5067  1.00267969  5800
TIANLIAN 2-04           
1 63361U 25062A   26272.84454208 -.00000137  00000+0  00000+0 0  9998
2 63361   4.1140 273.0032 0033736   8.0150 111.6631  1.00272738  5659
TJS-16                  
1 63397U 25064A   26270.82198700 -.00000098  00000+0  00000+0 0  9993
2 63397   1.3549  80.5291 0002012 229.8138 152.8973  1.00271601  5429
TJS-17                  
1 63524U 25073A   26270.82379720 -.00000064  00000+0  00000+0 0  9991
2 63524   1.3211  81.5522 0001928 175.8055 210.3415  1.00271640  5321
TIANLIAN 2-05           
1 63662U 25084A   26272.76134174  .00000123  00000+0  00000+0 0  9998
2 63662   4.1947 278.7172 0000749 251.4330 132.8397  1.00270439  5433
TJS-19                  
1 63924U 25097A   26272.73837300 -.00000275  00000+0  00000+0 0  9990
2 63924   3.1229 319.3079 0006660 272.6845 183.5573  1.00273971  5194
CHINASAT 3B             
1 64062U 25106A   26272.64788646 -.00000042  00000+0  00000+0 0  9995
2 64062   0.0157   1.4241 0002871 207.2560 200.2733  1.00270886  5100
SXM-10                  
1 64290U 25122A   26271.02367332 -.00000012  00000+0  00000+0 0  9999
2 64290   0.0054 106.5961 0001493 237.8377 274.7664  1.00271815  4717
COSMOS 2589             
1 64467U 25131A   26270.78658829 -.00000327  00000+0  00000+0 0  9990
2 64467   0.1944  88.7408 0014230 352.6203 335.5499  1.00441050  4583
CHINASAT 9C             
1 64470U 25132A   26272.86403346 -.00000245  00000+0  00000+0 0  9997
2 64470   0.0365 245.2119 0003189 306.2497 220.4505  1.00272262  5198
MTG-S1                  
1 64723U 25143A   26272.61469300 -.00000003  00000+0  00000+0 0  9997
2 64723   0.6154 343.7552 0004138 256.3195 349.3962  1.00273976  4461
DROR 1                  
1 64784U 25148A   26272.16086218 -.00000029  00000+0  00000+0 0  9990
2 64784   0.0331  88.0321 0001155 160.1773 173.6551  1.00273158  4332
SHIYAN-29               
1 65486U 25196A   26272.72568593 -.00000270  00000+0  00000+0 0  9994
2 65486  28.9313  17.2217 0016052 179.4946 168.1917  1.00282513  3920
NUSANTARA LIMA (NUSANT*)
1 65588U 25205A   26270.92646890 -.00000353  00000+0  00000+0 0  9997
2 65588   0.0038 132.2575 0000566 119.8108 201.0506  1.00272044  3743
TJS-20                  
1 66142U 25238A   26272.85736639  .00000023  00000+0  00000+0 0  9998
2 66142   5.2452 299.2029 0003373 258.7433 181.7168  1.00273159  3384
CMS-03 (GSAT-7R)        
1 66311U 25249B   26272.85834918 -.00000074  00000+0  00000+0 0  9994
2 66311   0.0170 224.7412 0000688 342.2114 184.6796  1.00271957  3396
VIASAT-3 F2             
1 66454U 25261A   26271.46487588 -.00000229  00000+0  00000+0 0  9991
2 66454   0.0140 262.4732 0001306 358.3181 194.8382  1.00271441  3825
SHIJIAN-28 (SJ-28)      
1 66549U 25277A   26272.82989814 -.00000362  00000+0  00000+0 0  9991
2 66549   4.2765 270.5256 0001422  62.1816  91.5266  1.00268806  3201
TJS-22                  
1 66990U 25290A   26272.85639822 -.00000005  00000+0  00000+0 0  9994
2 66990   1.2833 288.6353 0004736 328.3704 126.4325  1.00269698  3075
TJS-23                  
1 67226U 25306A   26271.31708549  .00000015  00000+0  00000+0 0  9998
2 67226   5.3604 297.0094 0004203 267.1225  92.6148  1.00269917  2926
FENGYUN 4C              
1 67246U 25312A   26271.60146512 -.00000317  00000+0  00000+0 0  9991
2 67246   0.0193   8.6107 0001022 277.2104  71.1478  1.00273422  2900
SHIJIAN-29A (SJ-29A)    
1 67302U 25315A   26271.66793145 -.00000062  00000+0  00000+0 0  9990
2 67302   3.6531  92.6014 0006183  78.7355 149.9709  1.00269193  2656
SHIJIAN-29B (SJ-29B)    
1 67403U 25315C   26271.66793187 -.00000062  00000+0  00000+0 0  9998
2 67403   3.6522  92.5964 0007102  95.2688 133.4751  1.00269039  2728
ELEKTRO-L 5             
1 67756U 26028A   26270.77050681  .00000000  00000+0  00000+0 0  9998
2 67756   0.0199  69.3378 0001600 103.8902 186.7741  1.00269780  2276
JAM-E JAM 1             
1 67757U 26028B   26271.48103975  .00000161  00000+0  00000+0 0  9991
2 67757   0.1579  12.3774 0000332 291.4608 270.4864  1.00273295  2156
ECHOSTAR 25             
1 68126U 26045A   26272.09404736  .00000000  00000+0  00000+0 0  9990
2 68126   0.0195 187.1421 0001665  11.4452  93.1429  1.00270124  2039
TJS-24                  
1 69235U 26116A   26272.64751801 -.00000228  00000+0  00000+0 0  9993
2 69235   0.2711  87.7030 0001996 176.5276  67.6189  1.00269835  1273
